BROKEN,"Gathering Spot","null",-104,74,-986
BROKEN,"Gathering Spot","null",-115,75,-1005
BROKEN,"Gathering Spot","null",-146,73,-940
BROKEN,"Gathering Spot","null",-185,27,-378
BROKEN,"Gathering Spot","null",-79,72,-918
BROKEN,"Gathering Spot","null",103,73,-689
BROKEN,"Gathering Spot","null",114,72,-895
BROKEN,"Gathering Spot","null",12,79,-1128
BROKEN,"Gathering Spot","null",125,75,-709
BROKEN,"Gathering Spot","null",158,76,-883
BROKEN,"Gathering Spot","null",18,73,-929
BROKEN,"Gathering Spot","null",256,82,-770
BROKEN,"Gathering Spot","null",258,82,-772
BROKEN,"Gathering Spot","null",39,69,-922
Booth Shop,"...","...",-256,81,-1042
Booth Shop,"...","...",-267,70,-692
Booth Shop,"...","...",-338,15,-383
Booth Shop,"...","...",103,74,-804
Booth Shop,"...","...",115,74,-753
Booth Shop,"...","...",368,55,-765
Booth Shop,"...","...",53,71,-478
Boss Altar,"Prison of Souls","...",50,67,-487
Dungeon,"Ice Barrows","...",132,83,-654
Gathering Spot,"Acacia","...",-182,98,-1044
Gathering Spot,"Acacia","...",-188,98,-1044
Gathering Spot,"Acacia","...",-218,98,-1045
Gathering Spot,"Acacia","...",-224,98,-1045
Gathering Spot,"Barley","...",8,79,-1129
Gathering Spot,"Barley","...",8,79,-1136
Gathering Spot,"Birch","...",-16,75,-1182
Gathering Spot,"Birch","...",16,73,-1203
Gathering Spot,"Birch","...",3,75,-1155
Gathering Spot,"Birch","...",7,75,-1158
Gathering Spot,"Dodged","...",22,71,-854
Gathering Spot,"Gold","...",-10,74,-963
Gathering Spot,"Gold","...",-59,71,-959
Gathering Spot,"Gold","...",-7,72,-951
Gathering Spot,"Gold","...",-76,73,-925
Gathering Spot,"Gold","...",-76,73,-928
Gathering Spot,"Gold","...",-8,73,-948
Gathering Spot,"Gold","...",-9,73,-961
Gathering Spot,"Granite","...",-41,75,-1000
Gathering Spot,"Granite","...",-46,73,-998
Gathering Spot,"Granite","...",-60,71,-962
Gathering Spot,"Icefish","...",-100,70,-759
Gathering Spot,"Icefish","...",-103,70,-760
Gathering Spot,"Icefish","...",-104,70,-739
Gathering Spot,"Icefish","...",-106,70,-755
Gathering Spot,"Icefish","...",-109,70,-741
Gathering Spot,"Icefish","...",-109,70,-756
Gathering Spot,"Icefish","...",-112,70,-743
Gathering Spot,"Icefish","...",-113,70,-748
Gathering Spot,"Icefish","...",-175,28,-502
Gathering Spot,"Icefish","...",-205,74,-749
Gathering Spot,"Icefish","...",-212,22,-433
Gathering Spot,"Icefish","...",-213,22,-437
Gathering Spot,"Icefish","...",-215,22,-391
Gathering Spot,"Icefish","...",-216,22,-442
Gathering Spot,"Icefish","...",-218,22,-434
Gathering Spot,"Icefish","...",-222,22,-443
Gathering Spot,"Icefish","...",-223,22,-389
Gathering Spot,"Icefish","...",-223,22,-448
Gathering Spot,"Icefish","...",-225,22,-382
Gathering Spot,"Icefish","...",-227,22,-375
Gathering Spot,"Icefish","...",-227,22,-450
Gathering Spot,"Icefish","...",-228,22,-447
Gathering Spot,"Icefish","...",-231,22,-451
Gathering Spot,"Icefish","...",-231,22,-456
Gathering Spot,"Icefish","...",-234,22,-373
Gathering Spot,"Icefish","...",-235,22,-451
Gathering Spot,"Icefish","...",-239,22,-368
Gathering Spot,"Icefish","...",-6,70,-358
Gathering Spot,"Icefish","...",-93,70,-747
Gathering Spot,"Icefish","...",-94,70,-750
Gathering Spot,"Icefish","...",-94,70,-945
Gathering Spot,"Icefish","...",-96,70,-756
Gathering Spot,"Icefish","...",-98,70,-738
Gathering Spot,"Icefish","...",-98,70,-742
Gathering Spot,"Icefish","...",-99,70,-755
Gathering Spot,"Icefish","...",23,70,-432
Gathering Spot,"Icefish","...",25,70,-442
Gathering Spot,"Icefish","...",26,70,-434
Gathering Spot,"Icefish","...",26,70,-439
Gathering Spot,"Icefish","...",28,70,-444
Gathering Spot,"Icefish","...",41,66,-974
Gathering Spot,"Icefish","...",44,66,-973
Gathering Spot,"Icefish","...",45,68,-850
Gathering Spot,"Icefish","...",46,66,-970
Gathering Spot,"Icefish","...",47,68,-791
Gathering Spot,"Icefish","...",47,68,-794
Gathering Spot,"Icefish","...",48,66,-927
Gathering Spot,"Icefish","...",48,68,-788
Gathering Spot,"Icefish","...",48,68,-853
Gathering Spot,"Icefish","...",50,68,-785
Gathering Spot,"Icefish","...",51,68,-854
Gathering Spot,"Icefish","...",53,66,-924
Gathering Spot,"Icefish","...",75,66,-898
Gathering Spot,"Icefish","...",75,66,-901
Gathering Spot,"Icefish","...",75,70,-507
Gathering Spot,"Icefish","...",75,70,-559
Gathering Spot,"Icefish","...",75,70,-569
Gathering Spot,"Icefish","...",76,66,-895
Gathering Spot,"Icefish","...",76,66,-908
Gathering Spot,"Icefish","...",77,66,-904
Gathering Spot,"Icefish","...",78,69,-763
Gathering Spot,"Icefish","...",78,69,-766
Gathering Spot,"Icefish","...",78,70,-564
Gathering Spot,"Icefish","...",80,67,-959
Gathering Spot,"Icefish","...",80,69,-761
Gathering Spot,"Icefish","...",82,69,-768
Gathering Spot,"Icefish","...",82,70,-556
Gathering Spot,"Icefish","...",83,69,-762
Gathering Spot,"Icefish","...",83,70,-493
Gathering Spot,"Icefish","...",83,70,-507
Gathering Spot,"Icefish","...",85,70,-498
Gathering Spot,"Icefish","...",86,70,-502
Gathering Spot,"Iron","...",-13,86,-634
Gathering Spot,"Iron","...",-16,90,-624
Gathering Spot,"Iron","...",-17,82,-631
Gathering Spot,"Iron","...",-189,26,-434
Gathering Spot,"Iron","...",-191,25,-404
Gathering Spot,"Iron","...",-191,27,-433
Gathering Spot,"Iron","...",-194,25,-399
Gathering Spot,"Iron","...",-194,26,-405
Gathering Spot,"Iron","...",-199,25,-397
Gathering Spot,"Iron","...",-199,26,-393
Gathering Spot,"Iron","...",-28,73,-854
Gathering Spot,"Iron","...",-296,27,-454
Gathering Spot,"Iron","...",-300,31,-461
Gathering Spot,"Iron","...",-301,26,-456
Gathering Spot,"Iron","...",-302,28,-463
Gathering Spot,"Iron","...",-339,29,-462
Gathering Spot,"Iron","...",-340,26,-458
Gathering Spot,"Iron","...",-344,28,-457
Gathering Spot,"Iron","...",-345,22,-452
Gathering Spot,"Iron","...",-44,73,-859
Gathering Spot,"Iron","...",-44,76,-853
Gathering Spot,"Iron","...",-456,37,-396
Gathering Spot,"Iron","...",-461,39,-395
Gathering Spot,"Iron","...",-464,39,-379
Gathering Spot,"Iron","...",-466,38,-428
Gathering Spot,"Iron","...",-468,39,-380
Gathering Spot,"Iron","...",-468,40,-426
Gathering Spot,"Iron","...",-470,36,-386
Gathering Spot,"Iron","...",-471,40,-406
Gathering Spot,"Iron","...",-471,40,-410
Gathering Spot,"Iron","...",-473,38,-404
Gathering Spot,"Iron","...",-474,42,-423
Gathering Spot,"Iron","...",-477,41,-413
Gathering Spot,"Iron","...",-481,42,-411
Gathering Spot,"Iron","...",-52,73,-858
Gathering Spot,"Iron","...",-66,74,-818
Gathering Spot,"Iron","...",-67,77,-823
Gathering Spot,"Iron","...",-82,70,-701
Gathering Spot,"Iron","...",-84,69,-702
Gathering Spot,"Iron","...",103,76,-670
Gathering Spot,"Iron","...",105,77,-667
Gathering Spot,"Iron","...",107,76,-667
Gathering Spot,"Iron","...",115,74,-904
Gathering Spot,"Iron","...",15,70,-705
Gathering Spot,"Iron","...",248,91,-694
Gathering Spot,"Iron","...",249,89,-704
Gathering Spot,"Iron","...",257,86,-716
Gathering Spot,"Iron","...",261,102,-685
Gathering Spot,"Iron","...",268,91,-707
Gathering Spot,"Iron","...",269,93,-703
Gathering Spot,"Iron","...",271,94,-705
Gathering Spot,"Iron","...",279,102,-711
Gathering Spot,"Iron","...",280,103,-714
Gathering Spot,"Iron","...",3,70,-711
Gathering Spot,"Iron","...",8,69,-701
Gathering Spot,"Iron","...",80,76,-663
Gathering Spot,"Iron","...",83,75,-665
Gathering Spot,"Iron","...",89,77,-667
Gathering Spot,"Iron","...",91,76,-669
Gathering Spot,"Iron","...",97,75,-688
Gathering Spot,"Iron","...",98,74,-690
Gathering Spot,"Jungle","...",-505,67,-661
Gathering Spot,"Jungle","...",-505,69,-651
Gathering Spot,"Jungle","...",-505,69,-656
Gathering Spot,"Jungle","...",-506,72,-639
Gathering Spot,"Jungle","...",-507,67,-658
Gathering Spot,"Jungle","...",-509,72,-636
Gathering Spot,"Oak","...",-111,72,-1208
Gathering Spot,"Oak","...",-115,72,-1183
Gathering Spot,"Oak","...",-120,71,-1138
Gathering Spot,"Oak","...",-125,70,-1099
Gathering Spot,"Oak","...",-23,76,-1109
Gathering Spot,"Oak","...",-252,84,-1056
Gathering Spot,"Oak","...",-254,84,-1058
Gathering Spot,"Oak","...",-260,84,-1036
Gathering Spot,"Oak","...",-264,86,-1061
Gathering Spot,"Oak","...",-272,85,-1058
Gathering Spot,"Oak","...",-276,86,-1038
Gathering Spot,"Oak","...",-278,86,-1055
Gathering Spot,"Oak","...",-5,73,-1087
Gathering Spot,"Oak","...",-8,76,-1145
Gathering Spot,"Oak","...",-86,72,-1208
Gathering Spot,"Oak","...",-93,71,-1189
Gathering Spot,"Oak","...",-99,72,-1167
Gathering Spot,"Oak","...",210,86,-1066
Gathering Spot,"Oak","...",6,73,-1099
Gathering Spot,"Oak","...",75,66,-1047
Gathering Spot,"Oak","...",97,70,-1059
Gathering Spot,"Silver","...",-14,83,-632
Gathering Spot,"Silver","...",-352,39,-481
Gathering Spot,"Spruce","...",-1,70,-725
Gathering Spot,"Spruce","...",-1,70,-736
Gathering Spot,"Spruce","...",-1,73,-985
Gathering Spot,"Spruce","...",-10,71,-732
Gathering Spot,"Spruce","...",-10,72,-720
Gathering Spot,"Spruce","...",-10,72,-816
Gathering Spot,"Spruce","...",-100,70,-903
Gathering Spot,"Spruce","...",-100,71,-932
Gathering Spot,"Spruce","...",-101,70,-840
Gathering Spot,"Spruce","...",-101,71,-938
Gathering Spot,"Spruce","...",-101,71,-960
Gathering Spot,"Spruce","...",-103,69,-714
Gathering Spot,"Spruce","...",-103,70,-728
Gathering Spot,"Spruce","...",-103,70,-771
Gathering Spot,"Spruce","...",-104,71,-929
Gathering Spot,"Spruce","...",-104,71,-940
Gathering Spot,"Spruce","...",-104,73,-981
Gathering Spot,"Spruce","...",-105,69,-711
Gathering Spot,"Spruce","...",-105,69,-716
Gathering Spot,"Spruce","...",-105,70,-769
Gathering Spot,"Spruce","...",-105,71,-949
Gathering Spot,"Spruce","...",-105,71,-953
Gathering Spot,"Spruce","...",-106,71,-938
Gathering Spot,"Spruce","...",-106,73,-984
Gathering Spot,"Spruce","...",-107,69,-706
Gathering Spot,"Spruce","...",-107,69,-714
Gathering Spot,"Spruce","...",-107,70,-778
Gathering Spot,"Spruce","...",-107,71,-951
Gathering Spot,"Spruce","...",-108,72,-867
Gathering Spot,"Spruce","...",-11,69,-887
Gathering Spot,"Spruce","...",-110,69,-709
Gathering Spot,"Spruce","...",-110,69,-714
Gathering Spot,"Spruce","...",-110,70,-737
Gathering Spot,"Spruce","...",-110,72,-869
Gathering Spot,"Spruce","...",-110,72,-945
Gathering Spot,"Spruce","...",-110,73,-964
Gathering Spot,"Spruce","...",-111,70,-650
Gathering Spot,"Spruce","...",-111,70,-781
Gathering Spot,"Spruce","...",-112,71,-758
Gathering Spot,"Spruce","...",-113,69,-712
Gathering Spot,"Spruce","...",-113,69,-716
Gathering Spot,"Spruce","...",-113,70,-647
Gathering Spot,"Spruce","...",-113,70,-653
Gathering Spot,"Spruce","...",-113,70,-839
Gathering Spot,"Spruce","...",-113,73,-961
Gathering Spot,"Spruce","...",-114,70,-778
Gathering Spot,"Spruce","...",-114,72,-942
Gathering Spot,"Spruce","...",-114,72,-948
Gathering Spot,"Spruce","...",-115,69,-714
Gathering Spot,"Spruce","...",-115,71,-761
Gathering Spot,"Spruce","...",-115,72,-1024
Gathering Spot,"Spruce","...",-116,69,-706
Gathering Spot,"Spruce","...",-116,73,-964
Gathering Spot,"Spruce","...",-117,72,-945
Gathering Spot,"Spruce","...",-117,74,-1003
Gathering Spot,"Spruce","...",-118,69,-654
Gathering Spot,"Spruce","...",-119,72,-756
Gathering Spot,"Spruce","...",-12,72,-812
Gathering Spot,"Spruce","...",-12,72,-835
Gathering Spot,"Spruce","...",-120,69,-706
Gathering Spot,"Spruce","...",-120,72,-954
Gathering Spot,"Spruce","...",-120,74,-968
Gathering Spot,"Spruce","...",-120,74,-990
Gathering Spot,"Spruce","...",-121,71,-864
Gathering Spot,"Spruce","...",-121,71,-869
Gathering Spot,"Spruce","...",-121,72,-753
Gathering Spot,"Spruce","...",-122,68,-879
Gathering Spot,"Spruce","...",-122,72,-952
Gathering Spot,"Spruce","...",-122,72,-956
Gathering Spot,"Spruce","...",-122,74,-966
Gathering Spot,"Spruce","...",-122,74,-988
Gathering Spot,"Spruce","...",-123,68,-704
Gathering Spot,"Spruce","...",-123,72,-756
Gathering Spot,"Spruce","...",-124,74,-968
Gathering Spot,"Spruce","...",-125,72,-954
Gathering Spot,"Spruce","...",-126,71,-827
Gathering Spot,"Spruce","...",-127,68,-704
Gathering Spot,"Spruce","...",-127,70,-816
Gathering Spot,"Spruce","...",-127,70,-905
Gathering Spot,"Spruce","...",-128,44,-504
Gathering Spot,"Spruce","...",-128,74,-977
Gathering Spot,"Spruce","...",-129,70,-814
Gathering Spot,"Spruce","...",-13,69,-915
Gathering Spot,"Spruce","...",-130,74,-979
Gathering Spot,"Spruce","...",-131,69,-870
Gathering Spot,"Spruce","...",-131,72,-849
Gathering Spot,"Spruce","...",-132,73,-967
Gathering Spot,"Spruce","...",-133,69,-867
Gathering Spot,"Spruce","...",-133,69,-873
Gathering Spot,"Spruce","...",-134,73,-953
Gathering Spot,"Spruce","...",-134,74,-1000
Gathering Spot,"Spruce","...",-135,71,-852
Gathering Spot,"Spruce","...",-135,73,-963
Gathering Spot,"Spruce","...",-136,70,-882
Gathering Spot,"Spruce","...",-136,73,-950
Gathering Spot,"Spruce","...",-136,73,-955
Gathering Spot,"Spruce","...",-138,73,-967
Gathering Spot,"Spruce","...",-138,74,-813
Gathering Spot,"Spruce","...",-14,71,-809
Gathering Spot,"Spruce","...",-14,71,-960
Gathering Spot,"Spruce","...",-14,72,-816
Gathering Spot,"Spruce","...",-140,71,-824
Gathering Spot,"Spruce","...",-140,71,-830
Gathering Spot,"Spruce","...",-140,71,-839
Gathering Spot,"Spruce","...",-140,71,-852
Gathering Spot,"Spruce","...",-141,72,-940
Gathering Spot,"Spruce","...",-141,74,-811
Gathering Spot,"Spruce","...",-143,68,-915
Gathering Spot,"Spruce","...",-143,68,-919
Gathering Spot,"Spruce","...",-145,24,-397
Gathering Spot,"Spruce","...",-145,69,-931
Gathering Spot,"Spruce","...",-147,24,-394
Gathering Spot,"Spruce","...",-148,70,-859
Gathering Spot,"Spruce","...",-148,72,-949
Gathering Spot,"Spruce","...",-148,72,-955
Gathering Spot,"Spruce","...",-149,69,-931
Gathering Spot,"Spruce","...",-15,70,-947
Gathering Spot,"Spruce","...",-153,68,-881
Gathering Spot,"Spruce","...",-154,68,-903
Gathering Spot,"Spruce","...",-154,71,-836
Gathering Spot,"Spruce","...",-158,70,-858
Gathering Spot,"Spruce","...",-159,68,-929
Gathering Spot,"Spruce","...",-159,70,-996
Gathering Spot,"Spruce","...",-16,71,-847
Gathering Spot,"Spruce","...",-160,37,-504
Gathering Spot,"Spruce","...",-162,70,-998
Gathering Spot,"Spruce","...",-163,68,-929
Gathering Spot,"Spruce","...",-164,25,-439
Gathering Spot,"Spruce","...",-164,71,-845
Gathering Spot,"Spruce","...",-166,26,-350
Gathering Spot,"Spruce","...",-169,71,-869
Gathering Spot,"Spruce","...",-169,71,-876
Gathering Spot,"Spruce","...",-17,70,-768
Gathering Spot,"Spruce","...",-17,70,-949
Gathering Spot,"Spruce","...",-172,24,-393
Gathering Spot,"Spruce","...",-174,24,-391
Gathering Spot,"Spruce","...",-174,24,-395
Gathering Spot,"Spruce","...",-18,71,-956
Gathering Spot,"Spruce","...",-18,73,-936
Gathering Spot,"Spruce","...",-18,74,-715
Gathering Spot,"Spruce","...",-189,24,-423
Gathering Spot,"Spruce","...",-19,70,-947
Gathering Spot,"Spruce","...",-19,71,-860
Gathering Spot,"Spruce","...",-19,72,-973
Gathering Spot,"Spruce","...",-19,72,-981
Gathering Spot,"Spruce","...",-19,73,-709
Gathering Spot,"Spruce","...",-190,25,-452
Gathering Spot,"Spruce","...",-190,74,-870
Gathering Spot,"Spruce","...",-191,24,-425
Gathering Spot,"Spruce","...",-191,25,-368
Gathering Spot,"Spruce","...",-191,80,-764
Gathering Spot,"Spruce","...",-192,74,-873
Gathering Spot,"Spruce","...",-193,24,-423
Gathering Spot,"Spruce","...",-194,25,-365
Gathering Spot,"Spruce","...",-194,25,-455
Gathering Spot,"Spruce","...",-194,80,-766
Gathering Spot,"Spruce","...",-196,80,-764
Gathering Spot,"Spruce","...",-197,25,-452
Gathering Spot,"Spruce","...",-197,76,-623
Gathering Spot,"Spruce","...",-2,72,-813
Gathering Spot,"Spruce","...",-20,69,-882
Gathering Spot,"Spruce","...",-20,71,-703
Gathering Spot,"Spruce","...",-20,71,-847
Gathering Spot,"Spruce","...",-202,76,-619
Gathering Spot,"Spruce","...",-203,24,-462
Gathering Spot,"Spruce","...",-203,24,-467
Gathering Spot,"Spruce","...",-206,76,-765
Gathering Spot,"Spruce","...",-208,122,-858
Gathering Spot,"Spruce","...",-209,24,-466
Gathering Spot,"Spruce","...",-209,77,-728
Gathering Spot,"Spruce","...",-21,71,-960
Gathering Spot,"Spruce","...",-21,73,-712
Gathering Spot,"Spruce","...",-21,74,-717
Gathering Spot,"Spruce","...",-211,24,-454
Gathering Spot,"Spruce","...",-211,24,-458
Gathering Spot,"Spruce","...",-211,24,-463
Gathering Spot,"Spruce","...",-212,76,-621
Gathering Spot,"Spruce","...",-215,75,-646
Gathering Spot,"Spruce","...",-215,76,-757
Gathering Spot,"Spruce","...",-217,76,-621
Gathering Spot,"Spruce","...",-219,75,-649
Gathering Spot,"Spruce","...",-22,69,-776
Gathering Spot,"Spruce","...",-22,70,-802
Gathering Spot,"Spruce","...",-22,72,-821
Gathering Spot,"Spruce","...",-22,72,-984
Gathering Spot,"Spruce","...",-220,24,-427
Gathering Spot,"Spruce","...",-220,76,-763
Gathering Spot,"Spruce","...",-222,75,-646
Gathering Spot,"Spruce","...",-223,24,-429
Gathering Spot,"Spruce","...",-223,74,-631
Gathering Spot,"Spruce","...",-223,75,-657
Gathering Spot,"Spruce","...",-225,74,-629
Gathering Spot,"Spruce","...",-23,71,-919
Gathering Spot,"Spruce","...",-23,72,-811
Gathering Spot,"Spruce","...",-237,24,-356
Gathering Spot,"Spruce","...",-239,24,-354
Gathering Spot,"Spruce","...",-239,24,-385
Gathering Spot,"Spruce","...",-24,69,-912
Gathering Spot,"Spruce","...",-24,70,-804
Gathering Spot,"Spruce","...",-241,24,-356
Gathering Spot,"Spruce","...",-242,131,-918
Gathering Spot,"Spruce","...",-244,131,-921
Gathering Spot,"Spruce","...",-248,144,-851
Gathering Spot,"Spruce","...",-248,24,-465
Gathering Spot,"Spruce","...",-249,25,-430
Gathering Spot,"Spruce","...",-249,25,-436
Gathering Spot,"Spruce","...",-25,70,-951
Gathering Spot,"Spruce","...",-25,72,-979
Gathering Spot,"Spruce","...",-250,144,-854
Gathering Spot,"Spruce","...",-250,24,-462
Gathering Spot,"Spruce","...",-251,131,-935
Gathering Spot,"Spruce","...",-255,131,-935
Gathering Spot,"Spruce","...",-26,72,-808
Gathering Spot,"Spruce","...",-26,72,-821
Gathering Spot,"Spruce","...",-262,137,-907
Gathering Spot,"Spruce","...",-264,24,-363
Gathering Spot,"Spruce","...",-268,24,-363
Gathering Spot,"Spruce","...",-27,70,-948
Gathering Spot,"Spruce","...",-27,72,-977
Gathering Spot,"Spruce","...",-27,72,-982
Gathering Spot,"Spruce","...",-27,73,-738
Gathering Spot,"Spruce","...",-270,24,-431
Gathering Spot,"Spruce","...",-270,24,-438
Gathering Spot,"Spruce","...",-271,147,-869
Gathering Spot,"Spruce","...",-271,147,-873
Gathering Spot,"Spruce","...",-276,147,-885
Gathering Spot,"Spruce","...",-278,147,-882
Gathering Spot,"Spruce","...",-28,72,-811
Gathering Spot,"Spruce","...",-28,72,-993
Gathering Spot,"Spruce","...",-284,25,-451
Gathering Spot,"Spruce","...",-29,70,-935
Gathering Spot,"Spruce","...",-29,70,-951
Gathering Spot,"Spruce","...",-29,71,-752
Gathering Spot,"Spruce","...",-31,69,-908
Gathering Spot,"Spruce","...",-31,72,-708
Gathering Spot,"Spruce","...",-31,72,-715
Gathering Spot,"Spruce","...",-32,70,-800
Gathering Spot,"Spruce","...",-32,72,-829
Gathering Spot,"Spruce","...",-32,72,-835
Gathering Spot,"Spruce","...",-33,70,-921
Gathering Spot,"Spruce","...",-33,71,-745
Gathering Spot,"Spruce","...",-33,72,-977
Gathering Spot,"Spruce","...",-34,69,-883
Gathering Spot,"Spruce","...",-35,69,-898
Gathering Spot,"Spruce","...",-35,72,-975
Gathering Spot,"Spruce","...",-35,72,-979
Gathering Spot,"Spruce","...",-36,71,-741
Gathering Spot,"Spruce","...",-36,72,-814
Gathering Spot,"Spruce","...",-37,69,-896
Gathering Spot,"Spruce","...",-37,71,-877
Gathering Spot,"Spruce","...",-38,72,-811
Gathering Spot,"Spruce","...",-39,74,-845
Gathering Spot,"Spruce","...",-4,71,-875
Gathering Spot,"Spruce","...",-40,70,-768
Gathering Spot,"Spruce","...",-40,72,-814
Gathering Spot,"Spruce","...",-41,68,-947
Gathering Spot,"Spruce","...",-41,69,-911
Gathering Spot,"Spruce","...",-41,71,-752
Gathering Spot,"Spruce","...",-42,70,-702
Gathering Spot,"Spruce","...",-44,71,-980
Gathering Spot,"Spruce","...",-44,71,-984
Gathering Spot,"Spruce","...",-44,72,-822
Gathering Spot,"Spruce","...",-45,68,-961
Gathering Spot,"Spruce","...",-45,74,-836
Gathering Spot,"Spruce","...",-46,68,-950
Gathering Spot,"Spruce","...",-46,72,-819
Gathering Spot,"Spruce","...",-47,68,-959
Gathering Spot,"Spruce","...",-47,68,-963
Gathering Spot,"Spruce","...",-47,70,-971
Gathering Spot,"Spruce","...",-48,72,-810
Gathering Spot,"Spruce","...",-48,72,-822
Gathering Spot,"Spruce","...",-49,68,-947
Gathering Spot,"Spruce","...",-49,68,-961
Gathering Spot,"Spruce","...",-49,70,-799
Gathering Spot,"Spruce","...",-49,70,-974
Gathering Spot,"Spruce","...",-5,72,-816
Gathering Spot,"Spruce","...",-5,72,-848
Gathering Spot,"Spruce","...",-52,70,-802
Gathering Spot,"Spruce","...",-52,72,-813
Gathering Spot,"Spruce","...",-55,74,-1008
Gathering Spot,"Spruce","...",-55,75,-834
Gathering Spot,"Spruce","...",-56,70,-741
Gathering Spot,"Spruce","...",-57,72,-864
Gathering Spot,"Spruce","...",-57,75,-841
Gathering Spot,"Spruce","...",-58,73,-997
Gathering Spot,"Spruce","...",-59,74,-1008
Gathering Spot,"Spruce","...",-6,70,-769
Gathering Spot,"Spruce","...",-6,73,-980
Gathering Spot,"Spruce","...",-6,73,-994
Gathering Spot,"Spruce","...",-62,72,-881
Gathering Spot,"Spruce","...",-62,73,-1000
Gathering Spot,"Spruce","...",-63,73,-990
Gathering Spot,"Spruce","...",-64,68,-709
Gathering Spot,"Spruce","...",-65,72,-878
Gathering Spot,"Spruce","...",-65,73,-997
Gathering Spot,"Spruce","...",-67,68,-747
Gathering Spot,"Spruce","...",-67,73,-993
Gathering Spot,"Spruce","...",-69,69,-951
Gathering Spot,"Spruce","...",-7,68,-780
Gathering Spot,"Spruce","...",-70,68,-754
Gathering Spot,"Spruce","...",-70,68,-762
Gathering Spot,"Spruce","...",-70,70,-733
Gathering Spot,"Spruce","...",-71,69,-780
Gathering Spot,"Spruce","...",-71,73,-990
Gathering Spot,"Spruce","...",-72,71,-976
Gathering Spot,"Spruce","...",-72,74,-1030
Gathering Spot,"Spruce","...",-73,69,-954
Gathering Spot,"Spruce","...",-73,71,-936
Gathering Spot,"Spruce","...",-73,71,-940
Gathering Spot,"Spruce","...",-74,69,-723
Gathering Spot,"Spruce","...",-74,71,-673
Gathering Spot,"Spruce","...",-74,71,-973
Gathering Spot,"Spruce","...",-74,71,-978
Gathering Spot,"Spruce","...",-75,70,-740
Gathering Spot,"Spruce","...",-75,70,-806
Gathering Spot,"Spruce","...",-75,75,-840
Gathering Spot,"Spruce","...",-76,69,-951
Gathering Spot,"Spruce","...",-76,71,-916
Gathering Spot,"Spruce","...",-76,71,-938
Gathering Spot,"Spruce","...",-77,70,-742
Gathering Spot,"Spruce","...",-78,70,-809
Gathering Spot,"Spruce","...",-79,71,-655
Gathering Spot,"Spruce","...",-79,71,-859
Gathering Spot,"Spruce","...",-79,71,-914
Gathering Spot,"Spruce","...",-79,75,-840
Gathering Spot,"Spruce","...",-8,72,-718
Gathering Spot,"Spruce","...",-8,73,-978
Gathering Spot,"Spruce","...",-8,73,-983
Gathering Spot,"Spruce","...",-80,68,-711
Gathering Spot,"Spruce","...",-80,68,-715
Gathering Spot,"Spruce","...",-80,73,-871
Gathering Spot,"Spruce","...",-80,74,-829
Gathering Spot,"Spruce","...",-81,71,-665
Gathering Spot,"Spruce","...",-81,71,-921
Gathering Spot,"Spruce","...",-81,71,-974
Gathering Spot,"Spruce","...",-81,72,-640
Gathering Spot,"Spruce","...",-82,68,-771
Gathering Spot,"Spruce","...",-82,71,-659
Gathering Spot,"Spruce","...",-82,73,-873
Gathering Spot,"Spruce","...",-83,70,-802
Gathering Spot,"Spruce","...",-83,71,-919
Gathering Spot,"Spruce","...",-83,71,-924
Gathering Spot,"Spruce","...",-83,71,-939
Gathering Spot,"Spruce","...",-84,71,-962
Gathering Spot,"Spruce","...",-85,68,-768
Gathering Spot,"Spruce","...",-85,69,-755
Gathering Spot,"Spruce","...",-85,69,-759
Gathering Spot,"Spruce","...",-85,71,-970
Gathering Spot,"Spruce","...",-85,71,-977
Gathering Spot,"Spruce","...",-86,71,-936
Gathering Spot,"Spruce","...",-86,71,-942
Gathering Spot,"Spruce","...",-88,68,-705
Gathering Spot,"Spruce","...",-88,70,-805
Gathering Spot,"Spruce","...",-88,71,-974
Gathering Spot,"Spruce","...",-89,72,-851
Gathering Spot,"Spruce","...",-9,70,-701
Gathering Spot,"Spruce","...",-9,71,-809
Gathering Spot,"Spruce","...",-9,72,-848
Gathering Spot,"Spruce","...",-90,71,-734
Gathering Spot,"Spruce","...",-90,71,-928
Gathering Spot,"Spruce","...",-90,71,-939
Gathering Spot,"Spruce","...",-90,71,-962
Gathering Spot,"Spruce","...",-92,68,-708
Gathering Spot,"Spruce","...",-92,68,-711
Gathering Spot,"Spruce","...",-92,68,-716
Gathering Spot,"Spruce","...",-92,69,-772
Gathering Spot,"Spruce","...",-92,70,-658
Gathering Spot,"Spruce","...",-92,71,-732
Gathering Spot,"Spruce","...",-93,70,-649
Gathering Spot,"Spruce","...",-94,69,-770
Gathering Spot,"Spruce","...",-94,70,-661
Gathering Spot,"Spruce","...",-94,70,-669
Gathering Spot,"Spruce","...",-94,71,-970
Gathering Spot,"Spruce","...",-94,72,-851
Gathering Spot,"Spruce","...",-95,70,-651
Gathering Spot,"Spruce","...",-97,70,-728
Gathering Spot,"Spruce","...",-97,71,-819
Gathering Spot,"Spruce","...",-97,71,-960
Gathering Spot,"Spruce","...",-98,70,-875
Gathering Spot,"Spruce","...",-98,71,-970
Gathering Spot,"Spruce","...",-99,71,-864
Gathering Spot,"Spruce","...",-99,71,-868
Gathering Spot,"Spruce","...",-99,71,-958
Gathering Spot,"Spruce","...",0,70,-659
Gathering Spot,"Spruce","...",1,72,-816
Gathering Spot,"Spruce","...",1,72,-850
Gathering Spot,"Spruce","...",10,74,-1009
Gathering Spot,"Spruce","...",100,69,-898
Gathering Spot,"Spruce","...",100,69,-943
Gathering Spot,"Spruce","...",100,71,-1002
Gathering Spot,"Spruce","...",100,72,-877
Gathering Spot,"Spruce","...",101,70,-951
Gathering Spot,"Spruce","...",101,72,-982
Gathering Spot,"Spruce","...",101,74,-526
Gathering Spot,"Spruce","...",102,69,-908
Gathering Spot,"Spruce","...",102,70,-963
Gathering Spot,"Spruce","...",103,70,-940
Gathering Spot,"Spruce","...",103,72,-980
Gathering Spot,"Spruce","...",103,72,-984
Gathering Spot,"Spruce","...",104,74,-529
Gathering Spot,"Spruce","...",104,74,-750
Gathering Spot,"Spruce","...",104,74,-754
Gathering Spot,"Spruce","...",105,70,-954
Gathering Spot,"Spruce","...",105,72,-991
Gathering Spot,"Spruce","...",106,76,-476
Gathering Spot,"Spruce","...",107,70,-1047
Gathering Spot,"Spruce","...",107,72,-977
Gathering Spot,"Spruce","...",107,74,-752
Gathering Spot,"Spruce","...",107,85,-663
Gathering Spot,"Spruce","...",108,70,-940
Gathering Spot,"Spruce","...",108,74,-526
Gathering Spot,"Spruce","...",109,71,-1006
Gathering Spot,"Spruce","...",109,72,-975
Gathering Spot,"Spruce","...",109,72,-979
Gathering Spot,"Spruce","...",11,69,-685
Gathering Spot,"Spruce","...",11,70,-796
Gathering Spot,"Spruce","...",111,70,-926
Gathering Spot,"Spruce","...",112,71,-897
Gathering Spot,"Spruce","...",113,70,-928
Gathering Spot,"Spruce","...",115,70,-926
Gathering Spot,"Spruce","...",116,72,-983
Gathering Spot,"Spruce","...",116,75,-698
Gathering Spot,"Spruce","...",117,71,-1001
Gathering Spot,"Spruce","...",117,71,-897
Gathering Spot,"Spruce","...",117,75,-765
Gathering Spot,"Spruce","...",118,74,-871
Gathering Spot,"Spruce","...",119,74,-717
Gathering Spot,"Spruce","...",120,72,-979
Gathering Spot,"Spruce","...",120,72,-986
Gathering Spot,"Spruce","...",120,74,-874
Gathering Spot,"Spruce","...",120,75,-696
Gathering Spot,"Spruce","...",120,75,-763
Gathering Spot,"Spruce","...",120,75,-767
Gathering Spot,"Spruce","...",122,74,-707
Gathering Spot,"Spruce","...",122,74,-711
Gathering Spot,"Spruce","...",122,74,-871
Gathering Spot,"Spruce","...",123,72,-880
Gathering Spot,"Spruce","...",123,72,-983
Gathering Spot,"Spruce","...",123,74,-721
Gathering Spot,"Spruce","...",124,75,-799
Gathering Spot,"Spruce","...",125,72,-964
Gathering Spot,"Spruce","...",126,74,-705
Gathering Spot,"Spruce","...",126,75,-801
Gathering Spot,"Spruce","...",128,72,-967
Gathering Spot,"Spruce","...",128,75,-799
Gathering Spot,"Spruce","...",129,71,-1003
Gathering Spot,"Spruce","...",129,74,-703
Gathering Spot,"Spruce","...",129,74,-707
Gathering Spot,"Spruce","...",129,75,-854
Gathering Spot,"Spruce","...",129,75,-858
Gathering Spot,"Spruce","...",13,69,-712
Gathering Spot,"Spruce","...",13,70,-794
Gathering Spot,"Spruce","...",13,71,-835
Gathering Spot,"Spruce","...",131,72,-890
Gathering Spot,"Spruce","...",131,72,-955
Gathering Spot,"Spruce","...",131,74,-705
Gathering Spot,"Spruce","...",132,72,-964
Gathering Spot,"Spruce","...",133,72,-953
Gathering Spot,"Spruce","...",134,72,-885
Gathering Spot,"Spruce","...",134,72,-897
Gathering Spot,"Spruce","...",134,75,-864
Gathering Spot,"Spruce","...",135,73,-988
Gathering Spot,"Spruce","...",137,72,-890
Gathering Spot,"Spruce","...",137,72,-959
Gathering Spot,"Spruce","...",139,72,-897
Gathering Spot,"Spruce","...",139,72,-956
Gathering Spot,"Spruce","...",139,75,-875
Gathering Spot,"Spruce","...",14,71,-847
Gathering Spot,"Spruce","...",140,72,-947
Gathering Spot,"Spruce","...",141,72,-932
Gathering Spot,"Spruce","...",141,73,-988
Gathering Spot,"Spruce","...",141,75,-778
Gathering Spot,"Spruce","...",142,72,-953
Gathering Spot,"Spruce","...",142,72,-959
Gathering Spot,"Spruce","...",143,72,-929
Gathering Spot,"Spruce","...",143,75,-875
Gathering Spot,"Spruce","...",144,72,-944
Gathering Spot,"Spruce","...",144,75,-780
Gathering Spot,"Spruce","...",145,72,-891
Gathering Spot,"Spruce","...",145,72,-932
Gathering Spot,"Spruce","...",145,72,-949
Gathering Spot,"Spruce","...",147,72,-889
Gathering Spot,"Spruce","...",147,74,-713
Gathering Spot,"Spruce","...",147,74,-717
Gathering Spot,"Spruce","...",149,72,-891
Gathering Spot,"Spruce","...",149,72,-899
Gathering Spot,"Spruce","...",15,68,-766
Gathering Spot,"Spruce","...",15,70,-664
Gathering Spot,"Spruce","...",15,72,-859
Gathering Spot,"Spruce","...",151,76,-697
Gathering Spot,"Spruce","...",152,76,-725
Gathering Spot,"Spruce","...",153,72,-899
Gathering Spot,"Spruce","...",155,72,-954
Gathering Spot,"Spruce","...",155,73,-908
Gathering Spot,"Spruce","...",155,73,-912
Gathering Spot,"Spruce","...",157,72,-952
Gathering Spot,"Spruce","...",157,72,-964
Gathering Spot,"Spruce","...",158,75,-688
Gathering Spot,"Spruce","...",159,76,-725
Gathering Spot,"Spruce","...",16,68,-957
Gathering Spot,"Spruce","...",16,71,-806
Gathering Spot,"Spruce","...",16,72,-932
Gathering Spot,"Spruce","...",16,74,-1020
Gathering Spot,"Spruce","...",160,72,-967
Gathering Spot,"Spruce","...",160,75,-691
Gathering Spot,"Spruce","...",160,75,-881
Gathering Spot,"Spruce","...",164,72,-958
Gathering Spot,"Spruce","...",164,72,-964
Gathering Spot,"Spruce","...",164,74,-889
Gathering Spot,"Spruce","...",166,72,-955
Gathering Spot,"Spruce","...",166,74,-887
Gathering Spot,"Spruce","...",166,75,-697
Gathering Spot,"Spruce","...",168,72,-958
Gathering Spot,"Spruce","...",168,73,-973
Gathering Spot,"Spruce","...",168,74,-889
Gathering Spot,"Spruce","...",168,77,-991
Gathering Spot,"Spruce","...",169,75,-680
Gathering Spot,"Spruce","...",17,71,-799
Gathering Spot,"Spruce","...",170,73,-948
Gathering Spot,"Spruce","...",170,77,-993
Gathering Spot,"Spruce","...",171,73,-971
Gathering Spot,"Spruce","...",172,73,-950
Gathering Spot,"Spruce","...",172,77,-991
Gathering Spot,"Spruce","...",173,75,-692
Gathering Spot,"Spruce","...",174,73,-961
Gathering Spot,"Spruce","...",175,73,-948
Gathering Spot,"Spruce","...",175,75,-680
Gathering Spot,"Spruce","...",175,77,-666
Gathering Spot,"Spruce","...",177,74,-974
Gathering Spot,"Spruce","...",178,73,-961
Gathering Spot,"Spruce","...",179,73,-725
Gathering Spot,"Spruce","...",179,74,-971
Gathering Spot,"Spruce","...",179,74,-976
Gathering Spot,"Spruce","...",18,71,-804
Gathering Spot,"Spruce","...",18,71,-847
Gathering Spot,"Spruce","...",18,74,-1018
Gathering Spot,"Spruce","...",180,77,-979
Gathering Spot,"Spruce","...",181,73,-727
Gathering Spot,"Spruce","...",181,75,-690
Gathering Spot,"Spruce","...",183,77,-975
Gathering Spot,"Spruce","...",183,77,-982
Gathering Spot,"Spruce","...",184,73,-725
Gathering Spot,"Spruce","...",184,75,-889
Gathering Spot,"Spruce","...",185,79,-983
Gathering Spot,"Spruce","...",189,73,-751
Gathering Spot,"Spruce","...",189,80,-990
Gathering Spot,"Spruce","...",19,68,-953
Gathering Spot,"Spruce","...",19,68,-967
Gathering Spot,"Spruce","...",19,70,-675
Gathering Spot,"Spruce","...",19,70,-785
Gathering Spot,"Spruce","...",19,71,-797
Gathering Spot,"Spruce","...",190,75,-913
Gathering Spot,"Spruce","...",191,75,-889
Gathering Spot,"Spruce","...",191,75,-897
Gathering Spot,"Spruce","...",191,77,-966
Gathering Spot,"Spruce","...",192,73,-747
Gathering Spot,"Spruce","...",192,80,-993
Gathering Spot,"Spruce","...",193,75,-894
Gathering Spot,"Spruce","...",193,75,-910
Gathering Spot,"Spruce","...",193,75,-916
Gathering Spot,"Spruce","...",193,77,-968
Gathering Spot,"Spruce","...",194,80,-983
Gathering Spot,"Spruce","...",195,80,-990
Gathering Spot,"Spruce","...",196,73,-751
Gathering Spot,"Spruce","...",196,75,-897
Gathering Spot,"Spruce","...",196,77,-966
Gathering Spot,"Spruce","...",198,76,-938
Gathering Spot,"Spruce","...",198,80,-983
Gathering Spot,"Spruce","...",199,75,-716
Gathering Spot,"Spruce","...",2,69,-701
Gathering Spot,"Spruce","...",2,70,-746
Gathering Spot,"Spruce","...",2,70,-903
Gathering Spot,"Spruce","...",2,73,-983
Gathering Spot,"Spruce","...",200,76,-936
Gathering Spot,"Spruce","...",202,73,-751
Gathering Spot,"Spruce","...",202,75,-707
Gathering Spot,"Spruce","...",202,76,-938
Gathering Spot,"Spruce","...",203,75,-720
Gathering Spot,"Spruce","...",203,75,-891
Gathering Spot,"Spruce","...",203,86,-993
Gathering Spot,"Spruce","...",204,79,-966
Gathering Spot,"Spruce","...",205,73,-748
Gathering Spot,"Spruce","...",205,74,-733
Gathering Spot,"Spruce","...",205,75,-889
Gathering Spot,"Spruce","...",205,77,-915
Gathering Spot,"Spruce","...",205,86,-995
Gathering Spot,"Spruce","...",206,74,-789
Gathering Spot,"Spruce","...",206,79,-968
Gathering Spot,"Spruce","...",207,74,-759
Gathering Spot,"Spruce","...",207,75,-891
Gathering Spot,"Spruce","...",207,78,-949
Gathering Spot,"Spruce","...",208,74,-852
Gathering Spot,"Spruce","...",208,77,-911
Gathering Spot,"Spruce","...",208,77,-918
Gathering Spot,"Spruce","...",208,79,-966
Gathering Spot,"Spruce","...",209,75,-707
Gathering Spot,"Spruce","...",209,77,-929
Gathering Spot,"Spruce","...",21,69,-686
Gathering Spot,"Spruce","...",210,73,-751
Gathering Spot,"Spruce","...",210,74,-738
Gathering Spot,"Spruce","...",210,74,-745
Gathering Spot,"Spruce","...",210,74,-789
Gathering Spot,"Spruce","...",210,78,-952
Gathering Spot,"Spruce","...",211,74,-763
Gathering Spot,"Spruce","...",211,77,-909
Gathering Spot,"Spruce","...",211,77,-931
Gathering Spot,"Spruce","...",211,81,-690
Gathering Spot,"Spruce","...",212,74,-734
Gathering Spot,"Spruce","...",212,75,-712
Gathering Spot,"Spruce","...",212,75,-719
Gathering Spot,"Spruce","...",213,74,-803
Gathering Spot,"Spruce","...",213,74,-852
Gathering Spot,"Spruce","...",213,77,-907
Gathering Spot,"Spruce","...",213,78,-949
Gathering Spot,"Spruce","...",214,76,-892
Gathering Spot,"Spruce","...",214,81,-688
Gathering Spot,"Spruce","...",214,81,-692
Gathering Spot,"Spruce","...",215,74,-778
Gathering Spot,"Spruce","...",215,74,-800
Gathering Spot,"Spruce","...",215,78,-941
Gathering Spot,"Spruce","...",216,75,-725
Gathering Spot,"Spruce","...",217,74,-803
Gathering Spot,"Spruce","...",217,75,-716
Gathering Spot,"Spruce","...",219,74,-775
Gathering Spot,"Spruce","...",219,78,-941
Gathering Spot,"Spruce","...",219,84,-681
Gathering Spot,"Spruce","...",22,68,-979
Gathering Spot,"Spruce","...",22,68,-985
Gathering Spot,"Spruce","...",22,69,-728
Gathering Spot,"Spruce","...",22,76,-470
Gathering Spot,"Spruce","...",220,76,-892
Gathering Spot,"Spruce","...",221,75,-746
Gathering Spot,"Spruce","...",222,81,-700
Gathering Spot,"Spruce","...",222,84,-678
Gathering Spot,"Spruce","...",222,84,-684
Gathering Spot,"Spruce","...",224,75,-744
Gathering Spot,"Spruce","...",225,77,-895
Gathering Spot,"Spruce","...",225,81,-697
Gathering Spot,"Spruce","...",225,81,-703
Gathering Spot,"Spruce","...",226,75,-761
Gathering Spot,"Spruce","...",227,74,-840
Gathering Spot,"Spruce","...",227,75,-724
Gathering Spot,"Spruce","...",227,77,-893
Gathering Spot,"Spruce","...",227,77,-897
Gathering Spot,"Spruce","...",228,74,-849
Gathering Spot,"Spruce","...",229,73,-800
Gathering Spot,"Spruce","...",231,73,-804
Gathering Spot,"Spruce","...",231,75,-754
Gathering Spot,"Spruce","...",231,76,-731
Gathering Spot,"Spruce","...",231,86,-682
Gathering Spot,"Spruce","...",233,74,-840
Gathering Spot,"Spruce","...",234,76,-733
Gathering Spot,"Spruce","...",234,76,-858
Gathering Spot,"Spruce","...",234,76,-864
Gathering Spot,"Spruce","...",234,86,-685
Gathering Spot,"Spruce","...",236,74,-849
Gathering Spot,"Spruce","...",236,75,-754
Gathering Spot,"Spruce","...",237,74,-827
Gathering Spot,"Spruce","...",237,76,-740
Gathering Spot,"Spruce","...",237,76,-746
Gathering Spot,"Spruce","...",237,78,-718
Gathering Spot,"Spruce","...",238,84,-702
Gathering Spot,"Spruce","...",241,74,-827
Gathering Spot,"Spruce","...",242,76,-769
Gathering Spot,"Spruce","...",242,76,-773
Gathering Spot,"Spruce","...",249,81,-725
Gathering Spot,"Spruce","...",25,70,-786
Gathering Spot,"Spruce","...",25,70,-794
Gathering Spot,"Spruce","...",25,71,-879
Gathering Spot,"Spruce","...",25,76,-468
Gathering Spot,"Spruce","...",251,81,-746
Gathering Spot,"Spruce","...",254,81,-772
Gathering Spot,"Spruce","...",256,84,-727
Gathering Spot,"Spruce","...",256,84,-731
Gathering Spot,"Spruce","...",26,68,-712
Gathering Spot,"Spruce","...",26,70,-675
Gathering Spot,"Spruce","...",28,68,-705
Gathering Spot,"Spruce","...",28,69,-914
Gathering Spot,"Spruce","...",29,68,-993
Gathering Spot,"Spruce","...",3,68,-777
Gathering Spot,"Spruce","...",3,70,-964
Gathering Spot,"Spruce","...",30,70,-780
Gathering Spot,"Spruce","...",31,70,-775
Gathering Spot,"Spruce","...",33,71,-880
Gathering Spot,"Spruce","...",35,69,-704
Gathering Spot,"Spruce","...",35,81,-546
Gathering Spot,"Spruce","...",37,71,-889
Gathering Spot,"Spruce","...",38,70,-775
Gathering Spot,"Spruce","...",38,81,-543
Gathering Spot,"Spruce","...",40,68,-744
Gathering Spot,"Spruce","...",40,70,-753
Gathering Spot,"Spruce","...",41,68,-920
Gathering Spot,"Spruce","...",41,69,-711
Gathering Spot,"Spruce","...",41,71,-889
Gathering Spot,"Spruce","...",41,81,-546
Gathering Spot,"Spruce","...",42,71,-879
Gathering Spot,"Spruce","...",44,70,-759
Gathering Spot,"Spruce","...",44,70,-765
Gathering Spot,"Spruce","...",45,68,-744
Gathering Spot,"Spruce","...",45,71,-894
Gathering Spot,"Spruce","...",46,69,-902
Gathering Spot,"Spruce","...",47,69,-734
Gathering Spot,"Spruce","...",49,69,-714
Gathering Spot,"Spruce","...",49,70,-703
Gathering Spot,"Spruce","...",5,70,-659
Gathering Spot,"Spruce","...",5,70,-755
Gathering Spot,"Spruce","...",5,71,-875
Gathering Spot,"Spruce","...",5,72,-850
Gathering Spot,"Spruce","...",5,72,-858
Gathering Spot,"Spruce","...",50,69,-823
Gathering Spot,"Spruce","...",50,69,-827
Gathering Spot,"Spruce","...",51,71,-894
Gathering Spot,"Spruce","...",52,70,-752
Gathering Spot,"Spruce","...",52,70,-759
Gathering Spot,"Spruce","...",53,70,-887
Gathering Spot,"Spruce","...",54,68,-959
Gathering Spot,"Spruce","...",55,70,-889
Gathering Spot,"Spruce","...",56,68,-961
Gathering Spot,"Spruce","...",56,69,-808
Gathering Spot,"Spruce","...",57,68,-974
Gathering Spot,"Spruce","...",57,70,-708
Gathering Spot,"Spruce","...",58,68,-959
Gathering Spot,"Spruce","...",58,69,-810
Gathering Spot,"Spruce","...",58,70,-899
Gathering Spot,"Spruce","...",6,73,-997
Gathering Spot,"Spruce","...",6,74,-1009
Gathering Spot,"Spruce","...",60,68,-966
Gathering Spot,"Spruce","...",60,69,-830
Gathering Spot,"Spruce","...",60,70,-724
Gathering Spot,"Spruce","...",60,70,-738
Gathering Spot,"Spruce","...",60,70,-751
Gathering Spot,"Spruce","...",61,68,-974
Gathering Spot,"Spruce","...",61,68,-978
Gathering Spot,"Spruce","...",61,71,-702
Gathering Spot,"Spruce","...",62,70,-793
Gathering Spot,"Spruce","...",62,70,-797
Gathering Spot,"Spruce","...",63,71,-822
Gathering Spot,"Spruce","...",64,68,-973
Gathering Spot,"Spruce","...",64,68,-981
Gathering Spot,"Spruce","...",64,70,-738
Gathering Spot,"Spruce","...",64,70,-795
Gathering Spot,"Spruce","...",64,71,-704
Gathering Spot,"Spruce","...",65,70,-725
Gathering Spot,"Spruce","...",66,68,-946
Gathering Spot,"Spruce","...",66,68,-953
Gathering Spot,"Spruce","...",66,71,-820
Gathering Spot,"Spruce","...",66,71,-824
Gathering Spot,"Spruce","...",67,68,-966
Gathering Spot,"Spruce","...",67,71,-832
Gathering Spot,"Spruce","...",68,68,-974
Gathering Spot,"Spruce","...",70,72,-795
Gathering Spot,"Spruce","...",71,68,-987
Gathering Spot,"Spruce","...",71,69,-846
Gathering Spot,"Spruce","...",72,72,-793
Gathering Spot,"Spruce","...",72,72,-798
Gathering Spot,"Spruce","...",73,68,-974
Gathering Spot,"Spruce","...",73,68,-989
Gathering Spot,"Spruce","...",74,69,-844
Gathering Spot,"Spruce","...",74,72,-795
Gathering Spot,"Spruce","...",75,71,-832
Gathering Spot,"Spruce","...",75,71,-863
Gathering Spot,"Spruce","...",75,71,-867
Gathering Spot,"Spruce","...",78,69,-948
Gathering Spot,"Spruce","...",78,71,-853
Gathering Spot,"Spruce","...",8,70,-964
Gathering Spot,"Spruce","...",80,69,-946
Gathering Spot,"Spruce","...",80,71,-850
Gathering Spot,"Spruce","...",82,70,-981
Gathering Spot,"Spruce","...",83,69,-875
Gathering Spot,"Spruce","...",83,71,-996
Gathering Spot,"Spruce","...",84,69,-966
Gathering Spot,"Spruce","...",84,70,-978
Gathering Spot,"Spruce","...",84,70,-983
Gathering Spot,"Spruce","...",85,71,-994
Gathering Spot,"Spruce","...",85,73,-844
Gathering Spot,"Spruce","...",86,69,-964
Gathering Spot,"Spruce","...",86,69,-968
Gathering Spot,"Spruce","...",87,71,-996
Gathering Spot,"Spruce","...",87,73,-842
Gathering Spot,"Spruce","...",88,69,-875
Gathering Spot,"Spruce","...",88,69,-949
Gathering Spot,"Spruce","...",89,69,-966
Gathering Spot,"Spruce","...",89,74,-860
Gathering Spot,"Spruce","...",89,74,-865
Gathering Spot,"Spruce","...",9,70,-664
Gathering Spot,"Spruce","...",9,72,-821
Gathering Spot,"Spruce","...",90,69,-947
Gathering Spot,"Spruce","...",90,69,-951
Gathering Spot,"Spruce","...",90,70,-1027
Gathering Spot,"Spruce","...",90,73,-844
Gathering Spot,"Spruce","...",91,71,-714
Gathering Spot,"Spruce","...",92,69,-898
Gathering Spot,"Spruce","...",92,69,-949
Gathering Spot,"Spruce","...",93,71,-980
Gathering Spot,"Spruce","...",94,70,-1014
Gathering Spot,"Spruce","...",95,69,-894
Gathering Spot,"Spruce","...",95,71,-978
Gathering Spot,"Spruce","...",95,71,-982
Gathering Spot,"Spruce","...",96,69,-943
Gathering Spot,"Spruce","...",96,70,-1012
Gathering Spot,"Spruce","...",96,71,-1002
Gathering Spot,"Spruce","...",96,72,-877
Gathering Spot,"Spruce","...",97,70,-882
Gathering Spot,"Spruce","...",97,70,-888
Gathering Spot,"Spruce","...",97,70,-963
Gathering Spot,"Spruce","...",98,70,-954
Gathering Spot,"Spruce","...",98,71,-999
Gathering Spot,"Spruce","...",98,72,-875
Gathering Spot,"Spruce","...",98,72,-991
Gathering Spot,"Spruce","...",99,69,-905
Gathering Spot,"Spruce","...",99,70,-885
Gathering Spot,"Spruce","...",99,70,-965
Gathering Spot,"Willow","...",-10,78,-435
Gathering Spot,"Willow","...",-10,78,-442
Gathering Spot,"Willow","...",-13,78,-439
Gathering Spot,"Willow","...",-2,76,-410
Gathering Spot,"Willow","...",-27,76,-361
Gathering Spot,"Willow","...",-27,76,-368
Gathering Spot,"Willow","...",-4,76,-412
Gathering Spot,"Willow","...",-5,78,-439
Gathering Spot,"Willow","...",-6,76,-410
Miniquest,"Fishing","43",84,69,-921
Miniquest,"Mining","48",-433,28,-388
Miniquest,"Slaying","40",82,72,-725
Miniquest,"Slaying","50",-480,71,-707
Miniquest,"Woodcutting","43",46,70,-813
Miniquest,"Woodcutting","48",-175,69,-923
NPC,"Alchemist","...",22,75,-1167
NPC,"Alem","...",158,80,-374
NPC,"Batelu","...",372,54,-775
NPC,"Calamaro","...",227,21,-741
NPC,"Dumble","...",-266,81,-1040
NPC,"Dure","...",-258,81,-1047
NPC,"Eppo","...",-273,42,-583
NPC,"Explosives Merchant","Merchant",-201,46,-282
NPC,"Fish Merchant","Merchant",84,74,-819
NPC,"Flendar","...",-2,13,-501
NPC,"Fredris","...",157,74,-812
NPC,"Gernald","...",56,72,-675
NPC,"Key Collector","Utility",-268,66,-1051
NPC,"Key Collector","Utility",134,84,-639
NPC,"Lusuco Citizen","Citizen",-176,54,-291
NPC,"Lusuco Citizen","Citizen",-213,47,-297
NPC,"Lusuco Citizen","Citizen",-328,200,-791
NPC,"Lusuco Citizen","Citizen",-420,177,-791
NPC,"Markque The Wizard","...",9,56,-881
NPC,"Mushroom Merchant","Merchant",-21,74,-1174
NPC,"Nesaak Citizen","Citizen",133,79,-776
NPC,"Nesaak Citizen","Citizen",133,80,-776
NPC,"Nesaak Citizen","Citizen",88,74,-812
NPC,"Pottur","...",-263,81,-1051
NPC,"Sauna Enjoyer","...",87,74,-830
NPC,"Seaskipper Captain","Utility",77,66,-925
NPC,"Squid Merchant","Merchant",213,21,-718
NPC,"Squiddles","...",205,23,-732
NPC,"Tarod","...",-7,69,-793
NPC,"Telvu","...",136,74,-688
NPC,"Twendle","...",12,77,-456
NPC,"Viraex","...",5,75,-1147
NPC,"WynnExcavation Archaeologist","...",-2141,2,1198
NPC,"WynnExcavation Guard","...",-2177,10,1015
Other,"+80% Damage","§eArming...",-16,84,-246
Other,"+80% Damage","§eArming...",-18,75,-271
Other,"+80% Damage","§eArming...",-36,86,-357
Other,"+80% Damage","§eArming...",-394,29,-659
Other,"+80% Damage","§eArming...",107,84,-383
Other,"+80% Damage","§eArming...",108,84,-385
Other,"+80% Damage","§eArming...",110,74,-341
Other,"+80% Damage","§eArming...",118,69,-928
Other,"+80% Damage","§eArming...",146,75,-694
Other,"+80% Damage","§eArming...",15,90,-539
Other,"+80% Damage","§eArming...",25,73,-285
Other,"-476 ?","§5-476 ? ",-238,4,-664
Other,"-476 ?","§5-476 ? ",-490,5,1489
Other,"-476 ?","§5-476 ? ",-494,5,1488
Other,"-476 ?","§5-476 ? ",-498,5,1491
Other,"-476 ?","§5-476 ? ",-568,5,1484
Other,"-476 ?","§5-476 ? ",-568,6,946
Other,"-476 ?","§5-476 ? ",-571,5,1484
Other,"-476 ?","§5-476 ? ",-578,5,1485
Other,"-476 ?","§5-476 ? ",-651,6,1104
Other,"-476 ?","§5-476 ? ",-659,5,1029
Other,"-476 ?","§5-476 ? ",-661,5,796
Other,"-476 ?","§5-476 ? ",-661,5,948
Other,"-476 ?","§5-476 ? ",-663,6,1109
Other,"-476 ?","§5-476 ? ",-664,8,1111
Other,"-476 ?","§5-476 ? ",156,76,-1007
Other,"-476 ?","§5-476 ? ",179,54,1877
Other,"-476 ?","§5-476 ? ",188,130,1791
Other,"-476 ?","§5-476 ? ",188,130,1793
Other,"-476 ?","§5-476 ? ",199,131,1856
Other,"-476 ?","§5-476 ? ",200,131,1855
Other,"-476 ?","§5-476 ? ",200,131,1856
Other,"-476 ?","§5-476 ? ",202,131,1855
Other,"-476 ?","§5-476 ? ",205,132,1854
Other,"-476 ?","§5-476 ? ",206,132,1854
Other,"-476 ?","§5-476 ? ",245,131,1813
Other,"-476 ?","§5-476 ? ",245,131,1814
Other,"-476 ?","§5-476 ? ",249,133,1813
Other,"-476 ?","§5-476 ? ",367,66,1848
Other,"-476 ?","§5-476 ? ",367,67,1851
Other,"-476 ?","§5-476 ? ",367,68,1850
Other,"-476 ?","§5-476 ? ",368,68,1850
Other,"-476 ?","§5-476 ? ",369,66,1848
Other,"-476 ?","§5-476 ? ",369,68,1850
Other,"-476 ?","§5-476 ? ",370,66,1845
Other,"-476 ?","§5-476 ? ",371,66,1845
Other,"-476 ?","§5-476 ? ",372,66,1843
Other,"-476 ?","§5-476 ? ",374,66,1844
Other,"-476 ?","§5-476 ? ",388,69,1860
Other,"-476 ?","§5-476 ? ",394,63,1885
Other,"-476 ?","§5-476 ? ",394,64,1886
Other,"-476 ?","§5-476 ? ",395,63,1884
Other,"-476 ?","§5-476 ? ",395,63,1886
Other,"-476 ?","§5-476 ? ",396,63,1886
Other,"-476 ?","§5-476 ? ",398,65,1834
Other,"-476 ?","§5-476 ? ",399,65,1831
Other,"-476 ?","§5-476 ? ",400,65,1833
Other,"-476 ?","§5-476 ? ",401,65,1829
Other,"-476 ?","§dx2 §7[§f+§d0§f Combat XP§7]",400,65,1832
Other,"0/10","§7Right-click to add",344,66,1901
Other,"0/6","§fGet §e[6 Tokens]",176,52,1814
Other,"0/8","§c§lSLAY!",146,52,1852
Other,"Ankou","§2Ankou",-350,16,-389
Other,"Arming...","§eArming...",-100,30,-290
Other,"Arming...","§eArming...",-100,47,-949
Other,"Arming...","§eArming...",-101,49,-952
Other,"Arming...","§eArming...",-102,49,-952
Other,"Arming...","§eArming...",-104,30,-289
Other,"Arming...","§eArming...",-107,8,-366
Other,"Arming...","§eArming...",-112,49,-961
Other,"Arming...","§eArming...",-116,86,-945
Other,"Arming...","§eArming...",-123,26,-350
Other,"Arming...","§eArming...",-13,71,-361
Other,"Arming...","§eArming...",-135,30,-291
Other,"Arming...","§eArming...",-139,60,-761
Other,"Arming...","§eArming...",-139,71,-930
Other,"Arming...","§eArming...",-14,74,-366
Other,"Arming...","§eArming...",-146,65,-767
Other,"Arming...","§eArming...",-147,65,-771
Other,"Arming...","§eArming...",-154,56,-779
Other,"Arming...","§eArming...",-172,43,-987
Other,"Arming...","§eArming...",-185,24,-391
Other,"Arming...","§eArming...",-2099,10,968
Other,"Arming...","§eArming...",-2100,10,969
Other,"Arming...","§eArming...",-211,2,-649
Other,"Arming...","§eArming...",-218,2,-660
Other,"Arming...","§eArming...",-222,4,-603
Other,"Arming...","§eArming...",-249,7,-572
Other,"Arming...","§eArming...",-283,21,-555
Other,"Arming...","§eArming...",-308,18,-391
Other,"Arming...","§eArming...",-31,68,-657
Other,"Arming...","§eArming...",-366,68,-695
Other,"Arming...","§eArming...",-371,13,-261
Other,"Arming...","§eArming...",-371,29,-695
Other,"Arming...","§eArming...",-372,12,-257
Other,"Arming...","§eArming...",-395,80,-535
Other,"Arming...","§eArming...",-405,12,-235
Other,"Arming...","§eArming...",-470,4,1180
Other,"Arming...","§eArming...",-470,4,1334
Other,"Arming...","§eArming...",-470,4,1411
Other,"Arming...","§eArming...",-470,4,1488
Other,"Arming...","§eArming...",-476,4,1334
Other,"Arming...","§eArming...",-476,4,1488
Other,"Arming...","§eArming...",-481,4,1180
Other,"Arming...","§eArming...",-484,4,1256
Other,"Arming...","§eArming...",-54,58,-251
Other,"Arming...","§eArming...",-554,4,1180
Other,"Arming...","§eArming...",-554,4,1257
Other,"Arming...","§eArming...",-554,4,1487
Other,"Arming...","§eArming...",-554,4,795
Other,"Arming...","§eArming...",-554,4,871
Other,"Arming...","§eArming...",-559,4,795
Other,"Arming...","§eArming...",-563,4,1257
Other,"Arming...","§eArming...",-563,4,1487
Other,"Arming...","§eArming...",-563,4,871
Other,"Arming...","§eArming...",-565,4,1103
Other,"Arming...","§eArming...",-565,4,1180
Other,"Arming...","§eArming...",-566,4,1026
Other,"Arming...","§eArming...",-569,4,1410
Other,"Arming...","§eArming...",-579,4,795
Other,"Arming...","§eArming...",-60,57,-246
Other,"Arming...","§eArming...",-643,5,1029
Other,"Arming...","§eArming...",-643,5,1107
Other,"Arming...","§eArming...",-643,5,1340
Other,"Arming...","§eArming...",-643,5,1418
Other,"Arming...","§eArming...",-643,5,1496
Other,"Arming...","§eArming...",-643,5,951
Other,"Arming...","§eArming...",-644,4,1262
Other,"Arming...","§eArming...",-644,4,873
Other,"Arming...","§eArming...",-650,4,1263
Other,"Arming...","§eArming...",-653,4,873
Other,"Arming...","§eArming...",-656,4,1107
Other,"Arming...","§eArming...",-660,4,951
Other,"Arming...","§eArming...",-661,4,1496
Other,"Arming...","§eArming...",-662,4,1029
Other,"Arming...","§eArming...",-662,4,1184
Other,"Arming...","§eArming...",-667,4,1340
Other,"Arming...","§eArming...",-667,4,1418
Other,"Arming...","§eArming...",-674,4,1262
Other,"Arming...","§eArming...",-73,70,-928
Other,"Arming...","§eArming...",-75,70,-928
Other,"Arming...","§eArming...",-90,70,-936
Other,"Arming...","§eArming...",-94,32,-293
Other,"Arming...","§eArming...",108,79,-390
Other,"Arming...","§eArming...",110,73,-703
Other,"Arming...","§eArming...",113,78,-400
Other,"Arming...","§eArming...",114,84,-367
Other,"Arming...","§eArming...",1158,79,1004
Other,"Arming...","§eArming...",1167,79,1005
Other,"Arming...","§eArming...",120,73,-698
Other,"Arming...","§eArming...",123,73,-705
Other,"Arming...","§eArming...",130,71,-973
Other,"Arming...","§eArming...",1427,79,1280
Other,"Arming...","§eArming...",1431,79,1006
Other,"Arming...","§eArming...",1441,79,1280
Other,"Arming...","§eArming...",1442,79,1006
Other,"Arming...","§eArming...",145,71,-950
Other,"Arming...","§eArming...",195,130,1861
Other,"Arming...","§eArming...",212,81,-969
Other,"Arming...","§eArming...",219,22,-649
Other,"Arming...","§eArming...",223,91,-698
Other,"Arming...","§eArming...",24,73,-285
Other,"Arming...","§eArming...",242,73,1852
Other,"Arming...","§eArming...",243,75,-845
Other,"Arming...","§eArming...",252,124,1865
Other,"Arming...","§eArming...",27,79,-509
Other,"Arming...","§eArming...",275,35,-639
Other,"Arming...","§eArming...",279,33,-656
Other,"Arming...","§eArming...",325,123,1810
Other,"Arming...","§eArming...",328,79,1277
Other,"Arming...","§eArming...",331,121,1795
Other,"Arming...","§eArming...",331,121,1802
Other,"Arming...","§eArming...",333,121,1799
Other,"Arming...","§eArming...",338,121,1802
Other,"Arming...","§eArming...",340,123,1808
Other,"Arming...","§eArming...",341,79,1277
Other,"Arming...","§eArming...",342,79,1001
Other,"Arming...","§eArming...",395,63,1878
Other,"Arming...","§eArming...",433,64,1828
Other,"Arming...","§eArming...",50,71,-680
Other,"Arming...","§eArming...",590,79,1003
Other,"Arming...","§eArming...",608,79,1002
Other,"Arming...","§eArming...",617,79,1002
Other,"Arming...","§eArming...",7,77,-301
Other,"Arming...","§eArming...",879,79,1004
Other,"Arming...","§eArming...",892,79,1004
Other,"Arming...","Dodged",-154,56,-770
Other,"Arming...","Dodged",91,78,-399
Other,"Back","§aBack",-2120,17,1002
Other,"Ball Of Wool 9","§bBall Of Wool 9",-434,35,-484
Other,"Ball Of Wool 9","§bBall Of Wool 9",-434,35,-486
Other,"Ball Of Wool 9","§bBall Of Wool 9",-434,35,-488
Other,"Difficulty: Hard","§7Difficulty: §cHard",133,83,-654
Other,"Dodged","§eArming...",-102,49,-953
Other,"Dodged","§eArming...",-566,4,948
Other,"Dodged","§eArming...",-567,4,1333
Other,"Dodged","§eArming...",172,53,1817
Other,"Dodged","§eArming...",336,122,1786
Other,"Dodged","§eArming...",435,65,1816
Other,"Dodged","Dodged",-102,32,-294
Other,"Dodged","Dodged",-102,70,-703
Other,"Dodged","Dodged",-103,73,-967
Other,"Dodged","Dodged",-104,49,-945
Other,"Dodged","Dodged",-106,11,-368
Other,"Dodged","Dodged",-107,10,-368
Other,"Dodged","Dodged",-108,10,-374
Other,"Dodged","Dodged",-109,10,-364
Other,"Dodged","Dodged",-11,71,-362
Other,"Dodged","Dodged",-111,50,-959
Other,"Dodged","Dodged",-113,50,-958
Other,"Dodged","Dodged",-114,68,-576
Other,"Dodged","Dodged",-118,62,-562
Other,"Dodged","Dodged",-12,72,-362
Other,"Dodged","Dodged",-126,75,-997
Other,"Dodged","Dodged",-129,73,-799
Other,"Dodged","Dodged",-13,72,-362
Other,"Dodged","Dodged",-132,46,-510
Other,"Dodged","Dodged",-133,73,-798
Other,"Dodged","Dodged",-134,75,-972
Other,"Dodged","Dodged",-135,26,-343
Other,"Dodged","Dodged",-136,27,-346
Other,"Dodged","Dodged",-137,60,-760
Other,"Dodged","Dodged",-139,60,-759
Other,"Dodged","Dodged",-144,66,-772
Other,"Dodged","Dodged",-146,66,-773
Other,"Dodged","Dodged",-148,68,-789
Other,"Dodged","Dodged",-148,7,-332
Other,"Dodged","Dodged",-150,67,-768
Other,"Dodged","Dodged",-154,57,-780
Other,"Dodged","Dodged",-158,52,-784
Other,"Dodged","Dodged",-16,75,-330
Other,"Dodged","Dodged",-161,41,-783
Other,"Dodged","Dodged",-163,46,-985
Other,"Dodged","Dodged",-169,44,-988
Other,"Dodged","Dodged",-17,71,-659
Other,"Dodged","Dodged",-170,45,-989
Other,"Dodged","Dodged",-171,68,-781
Other,"Dodged","Dodged",-20,72,-644
Other,"Dodged","Dodged",-203,68,-933
Other,"Dodged","Dodged",-209,3,-662
Other,"Dodged","Dodged",-210,3,-660
Other,"Dodged","Dodged",-211,3,-647
Other,"Dodged","Dodged",-212,68,-920
Other,"Dodged","Dodged",-213,24,-433
Other,"Dodged","Dodged",-213,3,-661
Other,"Dodged","Dodged",-214,3,-649
Other,"Dodged","Dodged",-215,21,-398
Other,"Dodged","Dodged",-215,4,-660
Other,"Dodged","Dodged",-216,22,-397
Other,"Dodged","Dodged",-216,22,-398
Other,"Dodged","Dodged",-217,5,-596
Other,"Dodged","Dodged",-218,5,-595
Other,"Dodged","Dodged",-218,62,-158
Other,"Dodged","Dodged",-22,74,-286
Other,"Dodged","Dodged",-221,5,-604
Other,"Dodged","Dodged",-223,5,-608
Other,"Dodged","Dodged",-223,6,-609
Other,"Dodged","Dodged",-224,75,-667
Other,"Dodged","Dodged",-224,75,-668
Other,"Dodged","Dodged",-225,3,-654
Other,"Dodged","Dodged",-23,69,-660
Other,"Dodged","Dodged",-230,3,-655
Other,"Dodged","Dodged",-238,25,-395
Other,"Dodged","Dodged",-24,79,-391
Other,"Dodged","Dodged",-250,10,-568
Other,"Dodged","Dodged",-251,10,-568
Other,"Dodged","Dodged",-253,23,-458
Other,"Dodged","Dodged",-254,4,-625
Other,"Dodged","Dodged",-255,3,-629
Other,"Dodged","Dodged",-255,7,-568
Other,"Dodged","Dodged",-257,7,-572
Other,"Dodged","Dodged",-258,8,-574
Other,"Dodged","Dodged",-264,24,-463
Other,"Dodged","Dodged",-267,6,-587
Other,"Dodged","Dodged",-27,73,-226
Other,"Dodged","Dodged",-28,73,-221
Other,"Dodged","Dodged",-284,70,-698
Other,"Dodged","Dodged",-288,24,-319
Other,"Dodged","Dodged",-289,24,-316
Other,"Dodged","Dodged",-289,24,-317
Other,"Dodged","Dodged",-29,70,-659
Other,"Dodged","Dodged",-293,70,-696
Other,"Dodged","Dodged",-298,24,-340
Other,"Dodged","Dodged",-3,70,-656
Other,"Dodged","Dodged",-306,70,-696
Other,"Dodged","Dodged",-307,18,-393
Other,"Dodged","Dodged",-307,70,-696
Other,"Dodged","Dodged",-310,11,-180
Other,"Dodged","Dodged",-311,12,-168
Other,"Dodged","Dodged",-311,70,-697
Other,"Dodged","Dodged",-313,11,-177
Other,"Dodged","Dodged",-314,17,-389
Other,"Dodged","Dodged",-315,17,-388
Other,"Dodged","Dodged",-315,17,-389
Other,"Dodged","Dodged",-316,16,-393
Other,"Dodged","Dodged",-325,6,1103
Other,"Dodged","Dodged",-326,13,-237
Other,"Dodged","Dodged",-345,11,-190
Other,"Dodged","Dodged",-349,70,-696
Other,"Dodged","Dodged",-36,80,-306
Other,"Dodged","Dodged",-362,70,-703
Other,"Dodged","Dodged",-363,69,-704
Other,"Dodged","Dodged",-365,69,-692
Other,"Dodged","Dodged",-365,70,-693
Other,"Dodged","Dodged",-366,70,-694
Other,"Dodged","Dodged",-367,69,-697
Other,"Dodged","Dodged",-368,69,-714
Other,"Dodged","Dodged",-369,69,-696
Other,"Dodged","Dodged",-369,69,-707
Other,"Dodged","Dodged",-370,12,-203
Other,"Dodged","Dodged",-372,11,-198
Other,"Dodged","Dodged",-372,69,-696
Other,"Dodged","Dodged",-373,13,-262
Other,"Dodged","Dodged",-375,13,-257
Other,"Dodged","Dodged",-375,13,-262
Other,"Dodged","Dodged",-376,12,-260
Other,"Dodged","Dodged",-38,74,-219
Other,"Dodged","Dodged",-381,13,-259
Other,"Dodged","Dodged",-382,13,-259
Other,"Dodged","Dodged",-385,14,-222
Other,"Dodged","Dodged",-392,6,956
Other,"Dodged","Dodged",-394,30,-660
Other,"Dodged","Dodged",-395,30,-657
Other,"Dodged","Dodged",-395,30,-660
Other,"Dodged","Dodged",-395,42,-679
Other,"Dodged","Dodged",-396,13,-236
Other,"Dodged","Dodged",-40,88,-357
Other,"Dodged","Dodged",-401,70,-697
Other,"Dodged","Dodged",-403,14,-234
Other,"Dodged","Dodged",-404,13,-227
Other,"Dodged","Dodged",-404,15,-237
Other,"Dodged","Dodged",-406,13,-228
Other,"Dodged","Dodged",-409,31,-312
Other,"Dodged","Dodged",-41,73,-216
Other,"Dodged","Dodged",-433,70,-697
Other,"Dodged","Dodged",-452,24,-284
Other,"Dodged","Dodged",-455,24,-285
Other,"Dodged","Dodged",-455,24,-293
Other,"Dodged","Dodged",-457,23,-288
Other,"Dodged","Dodged",-458,24,-288
Other,"Dodged","Dodged",-461,70,-697
Other,"Dodged","Dodged",-469,5,1025
Other,"Dodged","Dodged",-473,5,1025
Other,"Dodged","Dodged",-48,90,-357
Other,"Dodged","Dodged",-481,5,1025
Other,"Dodged","Dodged",-481,5,1026
Other,"Dodged","Dodged",-482,5,1101
Other,"Dodged","Dodged",-482,5,1102
Other,"Dodged","Dodged",-499,70,-642
Other,"Dodged","Dodged",-499,70,-650
Other,"Dodged","Dodged",-506,6,1103
Other,"Dodged","Dodged",-53,90,-347
Other,"Dodged","Dodged",-54,59,-252
Other,"Dodged","Dodged",-570,5,794
Other,"Dodged","Dodged",-572,5,1102
Other,"Dodged","Dodged",-574,5,1487
Other,"Dodged","Dodged",-58,58,-247
Other,"Dodged","Dodged",-643,5,794
Other,"Dodged","Dodged",-643,6,1028
Other,"Dodged","Dodged",-646,6,1107
Other,"Dodged","Dodged",-652,5,794
Other,"Dodged","Dodged",-658,5,1496
Other,"Dodged","Dodged",-660,5,794
Other,"Dodged","Dodged",-663,5,1184
Other,"Dodged","Dodged",-8,70,-359
Other,"Dodged","Dodged",-92,71,-936
Other,"Dodged","Dodged",-98,71,-645
Other,"Dodged","Dodged",-99,71,-645
Other,"Dodged","Dodged",0,72,-395
Other,"Dodged","Dodged",108,81,-391
Other,"Dodged","Dodged",110,76,-358
Other,"Dodged","Dodged",110,78,-401
Other,"Dodged","Dodged",111,75,-338
Other,"Dodged","Dodged",111,85,-350
Other,"Dodged","Dodged",111,85,-353
Other,"Dodged","Dodged",113,85,-366
Other,"Dodged","Dodged",114,71,-1003
Other,"Dodged","Dodged",114,80,-390
Other,"Dodged","Dodged",1161,80,1279
Other,"Dodged","Dodged",1165,80,1004
Other,"Dodged","Dodged",117,70,-929
Other,"Dodged","Dodged",117,74,-703
Other,"Dodged","Dodged",118,74,-707
Other,"Dodged","Dodged",12,83,-508
Other,"Dodged","Dodged",122,71,-918
Other,"Dodged","Dodged",123,73,-974
Other,"Dodged","Dodged",128,73,-974
Other,"Dodged","Dodged",132,84,-672
Other,"Dodged","Dodged",134,75,-984
Other,"Dodged","Dodged",134,85,-497
Other,"Dodged","Dodged",135,75,-984
Other,"Dodged","Dodged",136,73,-988
Other,"Dodged","Dodged",136,73,-990
Other,"Dodged","Dodged",136,74,-987
Other,"Dodged","Dodged",136,85,-497
Other,"Dodged","Dodged",136,85,-498
Other,"Dodged","Dodged",137,72,-923
Other,"Dodged","Dodged",137,73,-989
Other,"Dodged","Dodged",137,73,-991
Other,"Dodged","Dodged",137,74,-988
Other,"Dodged","Dodged",137,75,-986
Other,"Dodged","Dodged",137,75,-987
Other,"Dodged","Dodged",138,74,-989
Other,"Dodged","Dodged",140,73,-985
Other,"Dodged","Dodged",141,73,-985
Other,"Dodged","Dodged",141,73,-986
Other,"Dodged","Dodged",142,72,-951
Other,"Dodged","Dodged",1438,81,1280
Other,"Dodged","Dodged",148,75,-683
Other,"Dodged","Dodged",150,75,-682
Other,"Dodged","Dodged",150,75,-683
Other,"Dodged","Dodged",150,81,-347
Other,"Dodged","Dodged",150,81,-348
Other,"Dodged","Dodged",150,84,-344
Other,"Dodged","Dodged",161,73,-968
Other,"Dodged","Dodged",162,74,-1010
Other,"Dodged","Dodged",162,74,-1011
Other,"Dodged","Dodged",162,74,-1014
Other,"Dodged","Dodged",167,73,-968
Other,"Dodged","Dodged",169,64,-927
Other,"Dodged","Dodged",176,133,1817
Other,"Dodged","Dodged",183,131,1789
Other,"Dodged","Dodged",183,131,1790
Other,"Dodged","Dodged",185,130,1792
Other,"Dodged","Dodged",186,80,-395
Other,"Dodged","Dodged",187,130,1791
Other,"Dodged","Dodged",187,80,-385
Other,"Dodged","Dodged",19,74,-287
Other,"Dodged","Dodged",192,80,-697
Other,"Dodged","Dodged",194,131,1787
Other,"Dodged","Dodged",194,131,1859
Other,"Dodged","Dodged",194,81,-699
Other,"Dodged","Dodged",195,81,-697
Other,"Dodged","Dodged",197,53,1831
Other,"Dodged","Dodged",201,49,-925
Other,"Dodged","Dodged",204,74,-786
Other,"Dodged","Dodged",210,82,-969
Other,"Dodged","Dodged",211,82,-969
Other,"Dodged","Dodged",214,82,-967
Other,"Dodged","Dodged",218,22,-643
Other,"Dodged","Dodged",219,22,-644
Other,"Dodged","Dodged",219,23,-647
Other,"Dodged","Dodged",220,24,-650
Other,"Dodged","Dodged",220,81,-938
Other,"Dodged","Dodged",221,24,-650
Other,"Dodged","Dodged",225,26,-687
Other,"Dodged","Dodged",227,21,-637
Other,"Dodged","Dodged",234,25,-692
Other,"Dodged","Dodged",235,77,-799
Other,"Dodged","Dodged",237,131,1811
Other,"Dodged","Dodged",238,76,-845
Other,"Dodged","Dodged",239,131,1810
Other,"Dodged","Dodged",239,25,-694
Other,"Dodged","Dodged",24,74,-286
Other,"Dodged","Dodged",242,131,1808
Other,"Dodged","Dodged",242,131,1809
Other,"Dodged","Dodged",243,131,1813
Other,"Dodged","Dodged",244,132,1813
Other,"Dodged","Dodged",249,78,-842
Other,"Dodged","Dodged",257,83,-811
Other,"Dodged","Dodged",266,94,-930
Other,"Dodged","Dodged",277,31,-687
Other,"Dodged","Dodged",281,34,-653
Other,"Dodged","Dodged",30,80,-511
Other,"Dodged","Dodged",304,74,1840
Other,"Dodged","Dodged",308,75,1860
Other,"Dodged","Dodged",317,123,1795
Other,"Dodged","Dodged",319,123,1795
Other,"Dodged","Dodged",323,123,1800
Other,"Dodged","Dodged",324,123,1795
Other,"Dodged","Dodged",327,53,-769
Other,"Dodged","Dodged",328,122,1797
Other,"Dodged","Dodged",328,54,-769
Other,"Dodged","Dodged",333,122,1798
Other,"Dodged","Dodged",334,122,1800
Other,"Dodged","Dodged",350,55,-770
Other,"Dodged","Dodged",357,66,1851
Other,"Dodged","Dodged",378,65,1840
Other,"Dodged","Dodged",387,68,1860
Other,"Dodged","Dodged",395,65,1834
Other,"Dodged","Dodged",398,65,1832
Other,"Dodged","Dodged",4,87,-505
Other,"Dodged","Dodged",400,65,1831
Other,"Dodged","Dodged",41,73,-673
Other,"Dodged","Dodged",43,73,-675
Other,"Dodged","Dodged",433,65,1818
Other,"Dodged","Dodged",44,55,1852
Other,"Dodged","Dodged",46,74,-677
Other,"Dodged","Dodged",48,73,-682
Other,"Dodged","Dodged",50,71,-351
Other,"Dodged","Dodged",51,67,-975
Other,"Dodged","Dodged",55,70,-352
Other,"Dodged","Dodged",591,81,1002
Other,"Dodged","Dodged",6,72,-399
Other,"Dodged","Dodged",6,78,-303
Other,"Dodged","Dodged",6,78,-305
Other,"Dodged","Dodged",62,73,-693
Other,"Dodged","Dodged",65,70,-868
Other,"Dodged","Dodged",66,73,-699
Other,"Dodged","Dodged",69,70,-866
Other,"Dodged","Dodged",7,16,-486
Other,"Dodged","Dodged",71,66,-1022
Other,"Dodged","Dodged",71,69,-991
Other,"Dodged","Dodged",72,68,-991
Other,"Dodged","Dodged",73,70,-863
Other,"Dodged","Dodged",74,70,-860
Other,"Dodged","Dodged",78,69,-1021
Other,"Dodged","Dodged",81,69,-1021
Other,"Dodged","Dodged",885,80,1278
Other,"Dodged","Dodged",90,78,-399
Other,"Dodged","Dodged",95,79,-312
Other,"Dodged","Dodged",95,79,-313
Other,"Dodged","Dodged",96,70,-933
Other,"Down","§aDown",-2120,17,999
Other,"Engraved Stone","§7Engraved Stone",351,128,-730
Other,"Excavator Lykron","§2Excavator Lykron",39,64,-526
Other,"Exit","§c§lExit",-209,135,-590
Other,"Exit","§c§lExit",-209,135,-802
Other,"Explosives Shop","Explosives Shop",-194,29,-315
Other,"Explosives Shop","Explosives Shop",-194,47,-294
Other,"Explosives Shop","Explosives Shop",-200,49,-295
Other,"Explosives Shop","Explosives Shop",-201,49,-296
Other,"Explosives Shop","Explosives Shop",-202,49,-295
Other,"Fish Merchant","Fish Merchant",91,76,-817
Other,"Fish Merchant","Fish Merchant",91,76,-819
Other,"Floor 1","§fLevel §a5§7/§210",-258,3,1104
Other,"Floor 1","§fLevel §a8§7/§210",-258,3,1338
Other,"Floor 1","§fLevel §a9§7/§210",-258,3,1416
Other,"Floor 1","Floor §61",-258,3,870
Other,"Floor 2","Floor §62",-339,3,1416
Other,"Floor 2","Floor §62",-339,3,1494
Other,"Floor 2","Floor §62",-339,3,792
Other,"Floor 2","Level §a6§7/§210",-339,3,1182
Other,"Floor 2","Level §a8§7/§210",-339,3,1338
Other,"Floor 3","Floor §63",-427,3,1037
Other,"Floor 3","Level §a7§7/§210",-427,3,1280
Other,"Floor 3","Level §a9§7/§210",-427,3,1442
Other,"Floor 4","Floor §64",-504,3,1333
Other,"Floor 4","Level §a2§7/§210",-504,3,871
Other,"Floor 4","Level §a4§7/§210",-504,3,1025
Other,"Floor 4","Level §a5§7/§210",-504,3,1102
Other,"Floor 4","Level §a6§7/§210",-504,3,1179
Other,"Floor 4","Level §a9§7/§210",-504,3,1410
Other,"Floor 5","Floor §65",-588,3,1102
Other,"Floor 5","Floor §65",-588,3,1487
Other,"Floor 5","Level §a2§7/§210",-588,3,871
Other,"Floor 5","Level §a4§7/§210",-588,3,1025
Other,"Floor 5","Level §a8§7/§210",-588,3,1333
Other,"Floor 6","Floor §66",-677,3,1262
Other,"Floor 6","Floor §66",-677,3,872
Other,"Floor 6","Level §a1§7/§210",-677,3,794
Other,"Floor 6","Level §a4§7/§210",-677,3,1028
Other,"Floor 6","Level §a9§7/§210",-677,3,1418
Other,"Floor 7","Floor §67",1410,78,1280
Other,"Floor 7","Floor §67",310,78,1276
Other,"Floor 7","Floor §67",861,78,1003
Other,"Floormaster [Floor 1, Level 2]","§2Floormaster [Floor 1, Level 2]",-231,8,870
Other,"Floormaster [Floor 1, Level 3]","§2Floormaster [Floor 1, Level 3]",-231,8,948
Other,"Floormaster [Floor 1, Level 4]","§2Floormaster [Floor 1, Level 4]",-231,8,1026
Other,"Floormaster [Floor 1, Level 6]","§2Floormaster [Floor 1, Level 6]",-231,8,1182
Other,"Floormaster [Floor 1, Level 8]","§2Floormaster [Floor 1, Level 8]",-231,8,1338
Other,"Floormaster [Floor 1, Level 9]","§2Floormaster [Floor 1, Level 9]",-231,8,1416
Other,"Floormaster [Floor 2, Level 10]","§2Floormaster [Floor 2, Level 10]",-312,8,1494
Other,"Floormaster [Floor 2, Level 2]","§2Floormaster [Floor 2, Level 2]",-312,8,870
Other,"Floormaster [Floor 2, Level 3]","§2Floormaster [Floor 2, Level 3]",-312,8,948
Other,"Floormaster [Floor 2, Level 5]","§2Floormaster [Floor 2, Level 5]",-312,8,1104
Other,"Floormaster [Floor 2, Level 6]","§2Floormaster [Floor 2, Level 6]",-312,8,1182
Other,"Floormaster [Floor 2, Level 7]","§2Floormaster [Floor 2, Level 7]",-312,8,1260
Other,"Floormaster [Floor 2, Level 8]","§2Floormaster [Floor 2, Level 8]",-312,8,1338
Other,"Floormaster [Floor 2, Level 9]","§2Floormaster [Floor 2, Level 9]",-312,8,1416
Other,"Floormaster [Floor 3, Level 10]","§2Floormaster [Floor 3, Level 10]",-400,8,1523
Other,"Floormaster [Floor 3, Level 1]","§2Floormaster [Floor 3, Level 1]",-400,8,794
Other,"Floormaster [Floor 3, Level 3]","§2Floormaster [Floor 3, Level 3]",-400,8,956
Other,"Floormaster [Floor 3, Level 5]","§2Floormaster [Floor 3, Level 5]",-400,8,1118
Other,"Floormaster [Floor 3, Level 6]","§2Floormaster [Floor 3, Level 6]",-400,8,1199
Other,"Floormaster [Floor 3, Level 8]","§2Floormaster [Floor 3, Level 8]",-400,8,1361
Other,"Floormaster [Floor 3, Level 9]","§2Floormaster [Floor 3, Level 9]",-400,8,1442
Other,"Floormaster [Floor 4, Level 10]","§2Floormaster [Floor 4, Level 10]",-479,6,1487
Other,"Floormaster [Floor 4, Level 1]","§2Floormaster [Floor 4, Level 1]",-479,7,794
Other,"Floormaster [Floor 4, Level 2]","§2Floormaster [Floor 4, Level 2]",-479,7,871
Other,"Floormaster [Floor 4, Level 3]","§2Floormaster [Floor 4, Level 3]",-479,7,948
Other,"Floormaster [Floor 4, Level 4]","§2Floormaster [Floor 4, Level 4]",-479,7,1025
Other,"Floormaster [Floor 4, Level 5]","§2Floormaster [Floor 4, Level 5]",-479,7,1102
Other,"Floormaster [Floor 4, Level 6]","§2Floormaster [Floor 4, Level 6]",-479,7,1179
Other,"Floormaster [Floor 4, Level 7]","§2Floormaster [Floor 4, Level 7]",-479,7,1256
Other,"Floormaster [Floor 4, Level 8]","§2Floormaster [Floor 4, Level 8]",-479,7,1333
Other,"Floormaster [Floor 4, Level 9]","§2Floormaster [Floor 4, Level 9]",-479,6,1410
Other,"Floormaster [Floor 5, Level 10]","§2Floormaster [Floor 5, Level 10]",-564,7,1487
Other,"Floormaster [Floor 5, Level 1]","§2Floormaster [Floor 5, Level 1]",-564,7,794
Other,"Floormaster [Floor 5, Level 2]","§2Floormaster [Floor 5, Level 2]",-564,7,871
Other,"Floormaster [Floor 5, Level 3]","§2Floormaster [Floor 5, Level 3]",-564,7,948
Other,"Floormaster [Floor 5, Level 4]","§2Floormaster [Floor 5, Level 4]",-564,7,1025
Other,"Floormaster [Floor 5, Level 5]","§2Floormaster [Floor 5, Level 5]",-564,7,1102
Other,"Floormaster [Floor 5, Level 6]","§2Floormaster [Floor 5, Level 6]",-564,7,1179
Other,"Floormaster [Floor 5, Level 7]","§2Floormaster [Floor 5, Level 7]",-564,7,1256
Other,"Floormaster [Floor 5, Level 8]","§2Floormaster [Floor 5, Level 8]",-564,7,1333
Other,"Floormaster [Floor 5, Level 9]","§2Floormaster [Floor 5, Level 9]",-564,7,1410
Other,"Floormaster [Floor 6, Level 10]","§2Floormaster [Floor 6, Level 10]",-653,7,1496
Other,"Floormaster [Floor 6, Level 1]","§eArming...",-653,4,794
Other,"Floormaster [Floor 6, Level 2]","§2Floormaster [Floor 6, Level 2]",-653,7,872
Other,"Floormaster [Floor 6, Level 3]","§2Floormaster [Floor 6, Level 3]",-653,7,950
Other,"Floormaster [Floor 6, Level 4]","§2Floormaster [Floor 6, Level 4]",-653,7,1028
Other,"Floormaster [Floor 6, Level 5]","§2Floormaster [Floor 6, Level 5]",-653,7,1106
Other,"Floormaster [Floor 6, Level 6]","§2Floormaster [Floor 6, Level 6]",-653,7,1184
Other,"Floormaster [Floor 6, Level 7]","§2Floormaster [Floor 6, Level 7]",-653,7,1262
Other,"Floormaster [Floor 6, Level 8]","§2Floormaster [Floor 6, Level 8]",-653,7,1340
Other,"Floormaster [Floor 6, Level 9]","§2Floormaster [Floor 6, Level 9]",-653,7,1418
Other,"Floormaster [Floor 7, Level 10]","§2Floormaster [Floor 7, Level 10]",1436,82,1280
Other,"Floormaster [Floor 7, Level 1]","§eArming...",337,79,1001
Other,"Floormaster [Floor 7, Level 2]","§2Floormaster [Floor 7, Level 2]",612,82,1002
Other,"Floormaster [Floor 7, Level 3]","§2Floormaster [Floor 7, Level 3]",887,82,1003
Other,"Floormaster [Floor 7, Level 4]","§2Floormaster [Floor 7, Level 4]",1162,82,1004
Other,"Floormaster [Floor 7, Level 5]","§2Floormaster [Floor 7, Level 5]",1437,82,1005
Other,"Floormaster [Floor 7, Level 6]","§2Floormaster [Floor 7, Level 6]",336,82,1276
Other,"Floormaster [Floor 7, Level 7]","§2Floormaster [Floor 7, Level 7]",611,82,1277
Other,"Floormaster [Floor 7, Level 8]","§2Floormaster [Floor 7, Level 8]",886,82,1278
Other,"Forwards","§aForwards",-2122,17,1002
Other,"Get [1 Key]","§7to open one of the doors",-113,48,-962
Other,"Get [Corrupted Flesh]","§7to open the door",-169,42,-998
Other,"HUNT!","§7Get §c[1 TNT]",-208,0,-662
Other,"HUNT!","§7to open the door",-43,45,-994
Other,"Lava Springs","§4Lava Springs",-182,24,-414
Other,"Lava Springs","§4Lava Springs",-221,24,-405
Other,"Lava Springs","§4Lava Springs",-256,23,-396
Other,"Lava Springs","§4Lava Springs",-310,24,-462
Other,"Left","§aLeft",-2121,17,1003
Other,"Level 1/10","Floor §61",-258,3,792
Other,"Level 1/10","Floor §63",-427,3,794
Other,"Level 1/10","Floor §67",311,78,1001
Other,"Level 1/10","Level §a1§7/§210",-504,3,794
Other,"Level 1/10","Level §a1§7/§210",-588,3,794
Other,"Level 10/10","§fLevel §a10§7/§210",-258,3,1494
Other,"Level 10/10","Floor §63",-427,3,1523
Other,"Level 10/10","Floor §64",-504,3,1487
Other,"Level 10/10","Floor §66",-677,3,1496
Other,"Level 100-110","Level §c100-110",-363,13,-389
Other,"Level 2/10","Level §a2§7/§210",-339,3,870
Other,"Level 2/10","Level §a2§7/§210",-427,3,875
Other,"Level 2/10","Level §a2§7/§210",586,78,1002
Other,"Level 3/10","Floor §61",-258,3,948
Other,"Level 3/10","Floor §62",-339,3,948
Other,"Level 3/10","Floor §63",-427,3,956
Other,"Level 3/10","Floor §65",-588,3,948
Other,"Level 3/10","Floor §66",-677,3,950
Other,"Level 3/10","Level §a3§7/§210",-504,3,948
Other,"Level 4/10","§fLevel §a4§7/§210",-258,3,1026
Other,"Level 4/10","Level §a4§7/§210",-339,3,1026
Other,"Level 4/10","Level §a4§7/§210",1136,78,1004
Other,"Level 40-50","Level §c40-50",-340,13,-379
Other,"Level 5/10","Floor §63",-427,3,1118
Other,"Level 5/10","Floor §66",-677,3,1106
Other,"Level 5/10","Floor §67",1411,78,1005
Other,"Level 5/10","Level §a5§7/§210",-339,3,1104
Other,"Level 50-60","Level §c50-60",-350,13,-376
Other,"Level 6/10","§fLevel §a6§7/§210",-258,3,1182
Other,"Level 6/10","Floor §66",-677,3,1184
Other,"Level 6/10","Level §a6§7/§210",-427,3,1199
Other,"Level 6/10","Level §a6§7/§210",-588,3,1179
Other,"Level 60-70","Floor §63",-360,13,-379
Other,"Level 7/10","Floor §61",-258,3,1260
Other,"Level 7/10","Floor §64",-504,3,1256
Other,"Level 7/10","Floor §65",-588,3,1256
Other,"Level 7/10","Level §a7§7/§210",-339,3,1260
Other,"Level 7/10","Level §a7§7/§210",585,78,1277
Other,"Level 70-80","Level §c70-80",-360,13,-399
Other,"Level 8/10","Floor §63",-427,3,1361
Other,"Level 8/10","Level §a8§7/§210",-677,3,1340
Other,"Level 8/10","Level §a8§7/§210",860,78,1278
Other,"Level 80-90","Floor §65",-350,13,-402
Other,"Level 9/10","Level §a9§7/§210",-588,3,1410
Other,"Level 9/10","Level §a9§7/§210",1135,78,1279
Other,"Level 90-100","Level §c90-100",-340,13,-399
Other,"Level: 45","§7Level: §f45",131,83,-654
Other,"Lusuco Bank","§2Lusuco Bank",-209,31,-316
Other,"Lusuco Bank","§2Lusuco Bank",-210,31,-317
Other,"Lusuco Bank","§2Lusuco Bank",-211,31,-316
Other,"Marius Twain","§aMarius Twain",122,144,3547
Other,"NOTE","§2§fNOTE",-311,14,-293
Other,"Nemo","Nemo",234,29,-771
Other,"Nesaak Bank","§2Nesaak Bank",104,77,-775
Other,"Nesaak Bank","§2Nesaak Bank",96,76,-782
Other,"Place","§cPlace",-2121,17,999
Other,"Reset","§cReset",-434,41,-531
Other,"Right","§aRight",-2121,17,1001
Other,"Right-click to add","§c§lSLAY!",204,52,1849
Other,"Right-click to","§eRight-click to",-159,55,-786
Other,"Right-click to","§eplace §6[Large Rocks]",-159,55,-786
Other,"SLAY!","§fGet §e[6 Tokens]",178,52,1878
Other,"Seasail Shop","§bSeasail Shop",106,69,-917
Other,"Seasail Shop","§bSeasail Shop",108,71,-886
Other,"Seasail Shop","§bSeasail Shop",109,71,-887
Other,"Seasail Shop","§bSeasail Shop",122,71,-919
Other,"Theorick:","§2Theorick: ",110,140,3551
Other,"To: Lusuco","To: §bLusuco",-394,172,-747
Other,"Tower of Ascension","§2Tower of Ascension",-330,13,-389
Other,"Up","§aUp",-2122,17,999
Other,"[Right Click to Break Icicle]","§2[§aRight Click to Break Icicle§2]",151,119,-1067
Other,"[Right Click to Collect Water]","§2[§aRight Click to Collect Water§2]",10,75,-1188
Other,"[|||||53929|||||] ?1s","§5-476 ? ",368,66,1848
Other,"[|||||62045|||||] ?1s","§4[§c|||||§462045§c|§0||||§4] §c?§71s",370,67,1846
Other,"corpe_frostwalkerdummy","corpe_frostwalkerdummy",111,0,3556
Other,"to blow up the fence","§7Get §c[1 TNT]",-208,0,-662
Other,"to open the door","§fto open the door",317,120,1796
Other,"x2 [+0 Combat XP]","§5-476 ? ",248,132,1814
Other,"x2 [+0 Combat XP]","§dx2 §7[§f+§d0§f Combat XP§7]",-21,69,-661
Other,"x2 [+0 Combat XP]","§dx2 §7[§f+§d0§f Combat XP§7]",-23,69,-666
Other,"x2 [+0 Combat XP]","§dx2 §7[§f+§d0§f Combat XP§7]",-24,70,-662
Other,"x2 [+0 Combat XP]","§dx2 §7[§f+§d0§f Combat XP§7]",-27,69,-659
Other,"x2 [+0 Combat XP]","§dx2 §7[§f+§d0§f Combat XP§7]",-27,69,-660
Other,"x2 [+0 Combat XP]","§dx2 §7[§f+§d0§f Combat XP§7]",-29,69,-658
Other,"x2 [+0 Combat XP]","§dx2 §7[§f+§d0§f Combat XP§7]",-29,69,-662
Other,"x2 [+0 Combat XP]","§dx2 §7[§f+§d0§f Combat XP§7]",-32,69,-657
Other,"x2 [+0 Combat XP]","§dx2 §7[§f+§d0§f Combat XP§7]",-34,69,-659
Other,"x2 [+0 Combat XP]","§dx2 §7[§f+§d0§f Combat XP§7]",-359,69,-694
Other,"x2 [+0 Combat XP]","§dx2 §7[§f+§d0§f Combat XP§7]",-36,72,-655
Other,"x2 [+0 Combat XP]","§dx2 §7[§f+§d0§f Combat XP§7]",-362,70,-690
Other,"x2 [+0 Combat XP]","§dx2 §7[§f+§d0§f Combat XP§7]",-364,70,-692
Other,"x2 [+0 Combat XP]","§dx2 §7[§f+§d0§f Combat XP§7]",-367,69,-693
Other,"x2 [+0 Combat XP]","§dx2 §7[§f+§d0§f Combat XP§7]",-368,69,-692
Other,"x2 [+0 Combat XP]","§dx2 §7[§f+§d0§f Combat XP§7]",-368,69,-694
Other,"x2 [+0 Combat XP]","§dx2 §7[§f+§d0§f Combat XP§7]",-369,70,-693
Other,"x2 [+0 Combat XP]","§dx2 §7[§f+§d0§f Combat XP§7]",-371,30,-698
Other,"x2 [+0 Combat XP]","§dx2 §7[§f+§d0§f Combat XP§7]",-371,31,-696
Other,"x2 [+0 Combat XP]","§dx2 §7[§f+§d0§f Combat XP§7]",-371,70,-693
Other,"x2 [+0 Combat XP]","§dx2 §7[§f+§d0§f Combat XP§7]",-372,31,-693
Other,"x2 [+0 Combat XP]","§dx2 §7[§f+§d0§f Combat XP§7]",-372,70,-694
Other,"x2 [+0 Combat XP]","§dx2 §7[§f+§d0§f Combat XP§7]",-374,30,-692
Other,"x2 [+0 Combat XP]","§dx2 §7[§f+§d0§f Combat XP§7]",-374,31,-700
Other,"x2 [+0 Combat XP]","§dx2 §7[§f+§d0§f Combat XP§7]",149,54,1851
Other,"x2 [+0 Combat XP]","§dx2 §7[§f+§d0§f Combat XP§7]",155,54,1836
Other,"x2 [+0 Combat XP]","§dx2 §7[§f+§d0§f Combat XP§7]",155,56,1862
Other,"x2 [+0 Combat XP]","§dx2 §7[§f+§d0§f Combat XP§7]",156,54,1838
Other,"x2 [+0 Combat XP]","§dx2 §7[§f+§d0§f Combat XP§7]",156,56,1861
Other,"x2 [+0 Combat XP]","§dx2 §7[§f+§d0§f Combat XP§7]",158,54,1826
Other,"x2 [+0 Combat XP]","§dx2 §7[§f+§d0§f Combat XP§7]",165,54,1870
Other,"x2 [+0 Combat XP]","§dx2 §7[§f+§d0§f Combat XP§7]",166,54,1870
Other,"x2 [+0 Combat XP]","§dx2 §7[§f+§d0§f Combat XP§7]",172,54,1871
Other,"x2 [+0 Combat XP]","§dx2 §7[§f+§d0§f Combat XP§7]",174,54,1816
Other,"x2 [+0 Combat XP]","§dx2 §7[§f+§d0§f Combat XP§7]",174,54,1819
Other,"x2 [+0 Combat XP]","§dx2 §7[§f+§d0§f Combat XP§7]",175,54,1817
Other,"x2 [+0 Combat XP]","§dx2 §7[§f+§d0§f Combat XP§7]",177,54,1817
Other,"x2 [+0 Combat XP]","§dx2 §7[§f+§d0§f Combat XP§7]",178,54,1814
Other,"x2 [+0 Combat XP]","§dx2 §7[§f+§d0§f Combat XP§7]",178,54,1818
Other,"x2 [+0 Combat XP]","§dx2 §7[§f+§d0§f Combat XP§7]",180,54,1815
Other,"x2 [+0 Combat XP]","§dx2 §7[§f+§d0§f Combat XP§7]",181,132,1856
Other,"x2 [+0 Combat XP]","§dx2 §7[§f+§d0§f Combat XP§7]",183,132,1852
Other,"x2 [+0 Combat XP]","§dx2 §7[§f+§d0§f Combat XP§7]",184,133,1787
Other,"x2 [+0 Combat XP]","§dx2 §7[§f+§d0§f Combat XP§7]",184,55,1813
Other,"x2 [+0 Combat XP]","§dx2 §7[§f+§d0§f Combat XP§7]",185,130,1791
Other,"x2 [+0 Combat XP]","§dx2 §7[§f+§d0§f Combat XP§7]",185,130,1798
Other,"x2 [+0 Combat XP]","§dx2 §7[§f+§d0§f Combat XP§7]",185,132,1847
Other,"x2 [+0 Combat XP]","§dx2 §7[§f+§d0§f Combat XP§7]",185,55,1813
Other,"x2 [+0 Combat XP]","§dx2 §7[§f+§d0§f Combat XP§7]",186,130,1792
Other,"x2 [+0 Combat XP]","§dx2 §7[§f+§d0§f Combat XP§7]",186,132,1866
Other,"x2 [+0 Combat XP]","§dx2 §7[§f+§d0§f Combat XP§7]",187,130,1802
Other,"x2 [+0 Combat XP]","§dx2 §7[§f+§d0§f Combat XP§7]",188,130,1795
Other,"x2 [+0 Combat XP]","§dx2 §7[§f+§d0§f Combat XP§7]",189,130,1794
Other,"x2 [+0 Combat XP]","§dx2 §7[§f+§d0§f Combat XP§7]",189,130,1796
Other,"x2 [+0 Combat XP]","§dx2 §7[§f+§d0§f Combat XP§7]",190,130,1786
Other,"x2 [+0 Combat XP]","§dx2 §7[§f+§d0§f Combat XP§7]",190,131,1861
Other,"x2 [+0 Combat XP]","§dx2 §7[§f+§d0§f Combat XP§7]",190,53,1825
Other,"x2 [+0 Combat XP]","§dx2 §7[§f+§d0§f Combat XP§7]",191,130,1791
Other,"x2 [+0 Combat XP]","§dx2 §7[§f+§d0§f Combat XP§7]",191,130,1793
Other,"x2 [+0 Combat XP]","§dx2 §7[§f+§d0§f Combat XP§7]",191,130,1794
Other,"x2 [+0 Combat XP]","§dx2 §7[§f+§d0§f Combat XP§7]",191,131,1862
Other,"x2 [+0 Combat XP]","§dx2 §7[§f+§d0§f Combat XP§7]",191,131,1863
Other,"x2 [+0 Combat XP]","§dx2 §7[§f+§d0§f Combat XP§7]",192,131,1859
Other,"x2 [+0 Combat XP]","§dx2 §7[§f+§d0§f Combat XP§7]",192,132,1869
Other,"x2 [+0 Combat XP]","§dx2 §7[§f+§d0§f Combat XP§7]",192,54,1816
Other,"x2 [+0 Combat XP]","§dx2 §7[§f+§d0§f Combat XP§7]",194,131,1865
Other,"x2 [+0 Combat XP]","§dx2 §7[§f+§d0§f Combat XP§7]",196,131,1859
Other,"x2 [+0 Combat XP]","§dx2 §7[§f+§d0§f Combat XP§7]",196,131,1863
Other,"x2 [+0 Combat XP]","§dx2 §7[§f+§d0§f Combat XP§7]",198,54,1818
Other,"x2 [+0 Combat XP]","§dx2 §7[§f+§d0§f Combat XP§7]",199,54,1818
Other,"x2 [+0 Combat XP]","§dx2 §7[§f+§d0§f Combat XP§7]",200,131,1860
Other,"x2 [+0 Combat XP]","§dx2 §7[§f+§d0§f Combat XP§7]",237,131,1813
Other,"x2 [+0 Combat XP]","§dx2 §7[§f+§d0§f Combat XP§7]",237,133,1806
Other,"x2 [+0 Combat XP]","§dx2 §7[§f+§d0§f Combat XP§7]",240,131,1809
Other,"x2 [+0 Combat XP]","§dx2 §7[§f+§d0§f Combat XP§7]",240,74,1851
Other,"x2 [+0 Combat XP]","§dx2 §7[§f+§d0§f Combat XP§7]",242,131,1805
Other,"x2 [+0 Combat XP]","§dx2 §7[§f+§d0§f Combat XP§7]",242,131,1810
Other,"x2 [+0 Combat XP]","§dx2 §7[§f+§d0§f Combat XP§7]",247,132,1813
Other,"x2 [+0 Combat XP]","§dx2 §7[§f+§d0§f Combat XP§7]",260,125,1863
Other,"x2 [+0 Combat XP]","§dx2 §7[§f+§d0§f Combat XP§7]",318,123,1795
Other,"x2 [+0 Combat XP]","§dx2 §7[§f+§d0§f Combat XP§7]",318,123,1796
Other,"x2 [+0 Combat XP]","§dx2 §7[§f+§d0§f Combat XP§7]",318,125,1797
Other,"x2 [+0 Combat XP]","§dx2 §7[§f+§d0§f Combat XP§7]",319,123,1796
Other,"x2 [+0 Combat XP]","§dx2 §7[§f+§d0§f Combat XP§7]",319,123,1797
Other,"x2 [+0 Combat XP]","§dx2 §7[§f+§d0§f Combat XP§7]",319,124,1799
Other,"x2 [+0 Combat XP]","§dx2 §7[§f+§d0§f Combat XP§7]",320,123,1794
Other,"x2 [+0 Combat XP]","§dx2 §7[§f+§d0§f Combat XP§7]",320,123,1796
Other,"x2 [+0 Combat XP]","§dx2 §7[§f+§d0§f Combat XP§7]",320,123,1797
Other,"x2 [+0 Combat XP]","§dx2 §7[§f+§d0§f Combat XP§7]",320,124,1799
Other,"x2 [+0 Combat XP]","§dx2 §7[§f+§d0§f Combat XP§7]",321,123,1794
Other,"x2 [+0 Combat XP]","§dx2 §7[§f+§d0§f Combat XP§7]",321,123,1796
Other,"x2 [+0 Combat XP]","§dx2 §7[§f+§d0§f Combat XP§7]",321,123,1800
Other,"x2 [+0 Combat XP]","§dx2 §7[§f+§d0§f Combat XP§7]",321,127,1809
Other,"x2 [+0 Combat XP]","§dx2 §7[§f+§d0§f Combat XP§7]",322,123,1795
Other,"x2 [+0 Combat XP]","§dx2 §7[§f+§d0§f Combat XP§7]",322,123,1796
Other,"x2 [+0 Combat XP]","§dx2 §7[§f+§d0§f Combat XP§7]",322,123,1801
Other,"x2 [+0 Combat XP]","§dx2 §7[§f+§d0§f Combat XP§7]",322,123,1805
Other,"x2 [+0 Combat XP]","§dx2 §7[§f+§d0§f Combat XP§7]",323,122,1796
Other,"x2 [+0 Combat XP]","§dx2 §7[§f+§d0§f Combat XP§7]",323,123,1801
Other,"x2 [+0 Combat XP]","§dx2 §7[§f+§d0§f Combat XP§7]",323,123,1803
Other,"x2 [+0 Combat XP]","§dx2 §7[§f+§d0§f Combat XP§7]",323,123,1804
Other,"x2 [+0 Combat XP]","§dx2 §7[§f+§d0§f Combat XP§7]",325,122,1798
Other,"x2 [+0 Combat XP]","§dx2 §7[§f+§d0§f Combat XP§7]",326,122,1794
Other,"x2 [+0 Combat XP]","§dx2 §7[§f+§d0§f Combat XP§7]",327,122,1796
Other,"x2 [+0 Combat XP]","§dx2 §7[§f+§d0§f Combat XP§7]",327,122,1803
Other,"x2 [+0 Combat XP]","§dx2 §7[§f+§d0§f Combat XP§7]",327,123,1809
Other,"x2 [+0 Combat XP]","§dx2 §7[§f+§d0§f Combat XP§7]",328,122,1792
Other,"x2 [+0 Combat XP]","§dx2 §7[§f+§d0§f Combat XP§7]",328,122,1804
Other,"x2 [+0 Combat XP]","§dx2 §7[§f+§d0§f Combat XP§7]",328,122,1805
Other,"x2 [+0 Combat XP]","§dx2 §7[§f+§d0§f Combat XP§7]",328,122,1806
Other,"x2 [+0 Combat XP]","§dx2 §7[§f+§d0§f Combat XP§7]",329,122,1786
Other,"x2 [+0 Combat XP]","§dx2 §7[§f+§d0§f Combat XP§7]",329,122,1796
Other,"x2 [+0 Combat XP]","§dx2 §7[§f+§d0§f Combat XP§7]",329,122,1800
Other,"x2 [+0 Combat XP]","§dx2 §7[§f+§d0§f Combat XP§7]",329,122,1803
Other,"x2 [+0 Combat XP]","§dx2 §7[§f+§d0§f Combat XP§7]",329,122,1805
Other,"x2 [+0 Combat XP]","§dx2 §7[§f+§d0§f Combat XP§7]",330,122,1793
Other,"x2 [+0 Combat XP]","§dx2 §7[§f+§d0§f Combat XP§7]",330,122,1796
Other,"x2 [+0 Combat XP]","§dx2 §7[§f+§d0§f Combat XP§7]",330,122,1798
Other,"x2 [+0 Combat XP]","§dx2 §7[§f+§d0§f Combat XP§7]",330,122,1802
Other,"x2 [+0 Combat XP]","§dx2 §7[§f+§d0§f Combat XP§7]",331,122,1790
Other,"x2 [+0 Combat XP]","§dx2 §7[§f+§d0§f Combat XP§7]",331,122,1798
Other,"x2 [+0 Combat XP]","§dx2 §7[§f+§d0§f Combat XP§7]",331,122,1805
Other,"x2 [+0 Combat XP]","§dx2 §7[§f+§d0§f Combat XP§7]",332,122,1788
Other,"x2 [+0 Combat XP]","§dx2 §7[§f+§d0§f Combat XP§7]",332,122,1804
Other,"x2 [+0 Combat XP]","§dx2 §7[§f+§d0§f Combat XP§7]",333,122,1787
Other,"x2 [+0 Combat XP]","§dx2 §7[§f+§d0§f Combat XP§7]",333,122,1804
Other,"x2 [+0 Combat XP]","§dx2 §7[§f+§d0§f Combat XP§7]",334,122,1790
Other,"x2 [+0 Combat XP]","§dx2 §7[§f+§d0§f Combat XP§7]",334,122,1793
Other,"x2 [+0 Combat XP]","§dx2 §7[§f+§d0§f Combat XP§7]",334,128,1809
Other,"x2 [+0 Combat XP]","§dx2 §7[§f+§d0§f Combat XP§7]",334,131,1811
Other,"x2 [+0 Combat XP]","§dx2 §7[§f+§d0§f Combat XP§7]",335,122,1788
Other,"x2 [+0 Combat XP]","§dx2 §7[§f+§d0§f Combat XP§7]",335,122,1790
Other,"x2 [+0 Combat XP]","§dx2 §7[§f+§d0§f Combat XP§7]",335,122,1798
Other,"x2 [+0 Combat XP]","§dx2 §7[§f+§d0§f Combat XP§7]",335,122,1799
Other,"x2 [+0 Combat XP]","§dx2 §7[§f+§d0§f Combat XP§7]",335,123,1785
Other,"x2 [+0 Combat XP]","§dx2 §7[§f+§d0§f Combat XP§7]",335,123,1786
Other,"x2 [+0 Combat XP]","§dx2 §7[§f+§d0§f Combat XP§7]",335,126,1781
Other,"x2 [+0 Combat XP]","§dx2 §7[§f+§d0§f Combat XP§7]",336,122,1792
Other,"x2 [+0 Combat XP]","§dx2 §7[§f+§d0§f Combat XP§7]",337,122,1788
Other,"x2 [+0 Combat XP]","§dx2 §7[§f+§d0§f Combat XP§7]",337,123,1804
Other,"x2 [+0 Combat XP]","§dx2 §7[§f+§d0§f Combat XP§7]",337,123,1805
Other,"x2 [+0 Combat XP]","§dx2 §7[§f+§d0§f Combat XP§7]",338,123,1790
Other,"x2 [+0 Combat XP]","§dx2 §7[§f+§d0§f Combat XP§7]",338,123,1806
Other,"x2 [+0 Combat XP]","§dx2 §7[§f+§d0§f Combat XP§7]",352,68,1856
Other,"x2 [+0 Combat XP]","§dx2 §7[§f+§d0§f Combat XP§7]",357,66,1846
Other,"x2 [+0 Combat XP]","§dx2 §7[§f+§d0§f Combat XP§7]",364,66,1849
Other,"x2 [+0 Combat XP]","§dx2 §7[§f+§d0§f Combat XP§7]",375,65,1841
Other,"x2 [+0 Combat XP]","§dx2 §7[§f+§d0§f Combat XP§7]",381,68,1857
Other,"x2 [+0 Combat XP]","§dx2 §7[§f+§d0§f Combat XP§7]",383,66,1837
Other,"x2 [+0 Combat XP]","§dx2 §7[§f+§d0§f Combat XP§7]",386,68,1859
Other,"x2 [+0 Combat XP]","§dx2 §7[§f+§d0§f Combat XP§7]",398,65,1833
Other,"x2 [+0 Combat XP]","§dx2 §7[§f+§d0§f Combat XP§7]",410,66,1839
Other,"x2 [+0 Combat XP]","§dx2 §7[§f+§d0§f Combat XP§7]",422,65,1824
Other,"x2 [+0 Combat XP]","§dx2 §7[§f+§d0§f Combat XP§7]",429,65,1821
Other,"x2 [+0 Combat XP]","§dx2 §7[§f+§d0§f Combat XP§7]",43,55,1852
Other,"x2 [+0 Combat XP]","§dx2 §7[§f+§d0§f Combat XP§7]",43,55,1854
Other,"x2 [+0 Combat XP]","§dx2 §7[§f+§d0§f Combat XP§7]",430,65,1829
Other,"x2 [+0 Combat XP]","§dx2 §7[§f+§d0§f Combat XP§7]",432,65,1820
Other,"x2 [+0 Combat XP]","§dx2 §7[§f+§d0§f Combat XP§7]",432,68,1815
Other,"x2 [+0 Combat XP]","§dx2 §7[§f+§d0§f Combat XP§7]",44,55,1854
Other,"x2 [+0 Combat XP]","§dx2 §7[§f+§d0§f Combat XP§7]",59,55,1863
Other,"x2 [+0 Combat XP]","§dx2 §7[§f+§d186§f Combat XP§7]",335,122,1787
Other,"x2 [+0 Combat XP]","§dx2 §7[§f+§d194§f Combat XP§7]",322,122,1797
Other,"x2 [+0 Combat XP]","§dx2 §7[§f+§d198§f Combat XP§7]",321,123,1793
Other,"x2 [+0 Combat XP]","Dodged",-367,69,-694
Other,"x2 [+0 Combat XP]","Dodged",186,130,1791
Other,"x2 [+0 Combat XP]","Dodged",187,130,1792
Other,"x2 [+0 Combat XP]","Dodged",237,131,1810
Other,"x2 [+0 Combat XP]","Dodged",240,131,1811
Other,"x2 [+106 Combat XP]","§dx2 §7[§f+§d106§f Combat XP§7]",373,64,1828
Other,"x2 [+146 Combat XP]","§dx2 §7[§f+§d146§f Combat XP§7]",326,122,1792
Other,"x2 [+148 Combat XP]","§dx2 §7[§f+§d148§f Combat XP§7]",333,122,1785
Other,"x2 [+158 Combat XP]","§dx2 §7[§f+§d158§f Combat XP§7]",330,122,1794
Other,"x2 [+162 Combat XP]","§dx2 §7[§f+§d162§f Combat XP§7]",198,55,1873
Other,"x2 [+162 Combat XP]","§dx2 §7[§f+§d162§f Combat XP§7]",331,122,1796
Other,"x2 [+164 Combat XP]","§dx2 §7[§f+§d164§f Combat XP§7]",195,55,1879
Other,"x2 [+164 Combat XP]","§dx2 §7[§f+§d164§f Combat XP§7]",199,55,1873
Other,"x2 [+168 Combat XP]","§dx2 §7[§f+§d168§f Combat XP§7]",181,54,1876
Other,"x2 [+168 Combat XP]","§dx2 §7[§f+§d168§f Combat XP§7]",200,55,1865
Other,"x2 [+174 Combat XP]","§dx2 §7[§f+§d174§f Combat XP§7]",207,55,1866
Other,"x2 [+176 Combat XP]","§dx2 §7[§f+§d176§f Combat XP§7]",191,54,1821
Other,"x2 [+182 Combat XP]","§dx2 §7[§f+§d182§f Combat XP§7]",203,55,1868
Other,"x2 [+182 Combat XP]","§dx2 §7[§f+§d182§f Combat XP§7]",362,65,1826
Other,"x2 [+186 Combat XP]","§dx2 §7[§f+§d186§f Combat XP§7]",169,53,1820
Other,"x2 [+186 Combat XP]","§dx2 §7[§f+§d186§f Combat XP§7]",177,53,1825
Other,"x2 [+186 Combat XP]","§dx2 §7[§f+§d186§f Combat XP§7]",328,122,1790
Other,"x2 [+186 Combat XP]","§dx2 §7[§f+§d186§f Combat XP§7]",376,64,1824
Other,"x2 [+188 Combat XP]","§dx2 §7[§f+§d188§f Combat XP§7]",189,55,1875
Other,"x2 [+192 Combat XP]","§dx2 §7[§f+§d192§f Combat XP§7]",361,64,1822
Other,"x2 [+194 Combat XP]","§dx2 §7[§f+§d194§f Combat XP§7]",321,123,1799
Other,"x2 [+198 Combat XP]","§dx2 §7[§f+§d198§f Combat XP§7]",327,122,1792
Other,"x2 [+200 Combat XP]","§dx2 §7[§f+§d200§f Combat XP§7]",204,54,1861
Other,"x2 [+200 Combat XP]","§dx2 §7[§f+§d200§f Combat XP§7]",323,122,1797
Other,"x2 [+224 Combat XP]","§dx2 §7[§f+§d224§f Combat XP§7]",330,122,1788
Other,"x2 [+28 Combat XP]","§dx2 §7[§f+§d0§f Combat XP§7]",324,122,1799
Other,"x2 [+28 Combat XP]","§dx2 §7[§f+§d146§f Combat XP§7]",332,122,1797
Other,"x2 [+28 Combat XP]","§dx2 §7[§f+§d28§f Combat XP§7]",177,53,1826
Other,"x2 [+28 Combat XP]","§dx2 §7[§f+§d28§f Combat XP§7]",183,54,1875
Other,"x2 [+28 Combat XP]","§dx2 §7[§f+§d28§f Combat XP§7]",194,55,1877
Other,"x2 [+28 Combat XP]","§dx2 §7[§f+§d28§f Combat XP§7]",199,55,1875
Other,"x2 [+28 Combat XP]","§dx2 §7[§f+§d28§f Combat XP§7]",206,55,1866
Other,"x2 [+28 Combat XP]","§dx2 §7[§f+§d28§f Combat XP§7]",321,123,1795
Other,"x2 [+28 Combat XP]","§dx2 §7[§f+§d28§f Combat XP§7]",331,122,1788
Other,"x2 [+28 Combat XP]","§dx2 §7[§f+§d28§f Combat XP§7]",331,122,1792
Other,"x2 [+28 Combat XP]","§dx2 §7[§f+§d28§f Combat XP§7]",331,122,1797
Other,"x2 [+28 Combat XP]","§dx2 §7[§f+§d28§f Combat XP§7]",334,122,1786
Other,"x2 [+38 Combat XP]","§dx2 §7[§f+§d38§f Combat XP§7]",329,122,1797
Other,"x2 [+484 Combat XP]","§dx2 §7[§f+§d484§f Combat XP§7]",180,54,1875
Service,"Alchemism Station","...",-195,31,-323
Service,"Alchemism Station","...",-21,78,-1133
Service,"Alchemism Station","...",122,76,-783
Service,"Armouring Station","...",-7,77,-1191
Service,"Armouring Station","...",90,75,-802
Service,"Boat Fast Travel","...",69,68,-923
Service,"Cooking Station","...",-7,78,-1137
Service,"Cooking Station","...",106,75,-763
Service,"Housing Balloon","...",104,75,-798
Service,"Jeweling Station","...",-202,30,-314
Service,"Jeweling Station","...",-46,74,-1146
Service,"Jeweling Station","...",115,75,-766
Service,"Scribing Station","...",-210,30,-323
Service,"Scribing Station","...",107,75,-791
Service,"Scribing Station","...",18,77,-1181
Service,"Tailoring Station","...",-23,76,-1165
Service,"Tailoring Station","...",104,75,-772
Service,"Weaponsmithing Station","...",-1,77,-1195
Service,"Weaponsmithing Station","...",108,75,-785
Service,"Woodworking Station","...",102,75,-781
Service,"Woodworking Station","...",3,77,-1199
ServiceNPC,"Armour Merchant","...",85,73,-801
ServiceNPC,"Blacksmith","...",-199,26,-352
ServiceNPC,"Blacksmith","...",-215,26,-345
ServiceNPC,"Blacksmith","...",-219,23,-363
ServiceNPC,"Blacksmith","...",-3,77,-1184
ServiceNPC,"Blacksmith","...",113,73,-785
ServiceNPC,"Dungeon Merchant","...",-274,65,-1051
ServiceNPC,"Dungeon Merchant","...",136,84,-642
ServiceNPC,"Dungeon Scroll Merchant","...",90,74,-796
ServiceNPC,"Emerald Merchant","...",-207,28,-298
ServiceNPC,"Emerald Merchant","...",-208,28,-301
ServiceNPC,"Emerald Merchant","...",-212,28,-301
ServiceNPC,"Emerald Merchant","...",-213,28,-298
ServiceNPC,"Emerald Merchant","...",90,73,-774
ServiceNPC,"Emerald Merchant","...",92,73,-776
ServiceNPC,"Item Identifier","...",-218,30,-325
ServiceNPC,"Item Identifier","...",78,73,-346
ServiceNPC,"Item Identifier","...",95,73,-786
ServiceNPC,"Potion Merchant","...",-12,76,-1135
ServiceNPC,"Potion Merchant","...",-189,28,-321
ServiceNPC,"Potion Merchant","...",-269,63,-1044
ServiceNPC,"Potion Merchant","...",125,73,-781
ServiceNPC,"Potion Merchant","...",136,83,-662
ServiceNPC,"Powder Master","...",127,73,-774
ServiceNPC,"Powder Master","...",127,75,-774
ServiceNPC,"Scroll Merchant","...",116,73,-813
ServiceNPC,"Tool Merchant","...",-122,72,-1175
ServiceNPC,"Tool Merchant","...",-219,68,-915
ServiceNPC,"Tool Merchant","...",-43,73,-1155
ServiceNPC,"Tool Merchant","...",-63,70,-896
ServiceNPC,"Tool Merchant","...",-83,69,-787
ServiceNPC,"Tool Merchant","...",159,74,-1002
ServiceNPC,"Tool Merchant","...",47,72,-678
ServiceNPC,"Weapon Merchant","...",115,73,-790
Territory Post,"Bob's Tomb","...",254,79,-755
Territory Post,"Elkurn","...",-2,77,-1163
Territory Post,"Great Bridge Jungle","...",-509,70,-690
Territory Post,"Great Bridge Nesaak","...",-362,32,-668
Territory Post,"Icy Descent","...",-241,26,-403
Territory Post,"Lusuco","...",-198,31,-324
Territory Post,"Nesaak Bridge Transition","...",-215,71,-686
Territory Post,"Nesaak Plains Lower North West","...",-89,72,-893
Territory Post,"Nesaak Plains Mid North West","...",-161,70,-918
Territory Post,"Nesaak Plains North East","...",140,74,-902
Territory Post,"Nesaak Plains South West","...",-50,71,-770
Territory Post,"Nesaak Plains Upper North West","...",-53,76,-1018
Territory Post,"Nesaak Transition","...",246,87,-1083
Territory Post,"Nesaak Village","...",115,76,-771
Territory Post,"Sanctuary Bridge","...",-273,83,-1052
Territory Post,"Tower of Ascension","...",-319,17,-384
Territory Post,"Twain Lake","...",16,78,-459
Territory Post,"Twain Mansion","...",95,77,-357
